0   0.099
1   0.481
2   0.092
3   0.464
4   0.41
5   -0.4
6   0.404
7   0.396
8   0.416
9   0.018
10   1
11   0.078
12   0.044
13   0.194
14   0.425
15   0.003
16   0.099
17   0.398
18   0.465
19   0.036
20   0.255
21   0.308
22   0.231
23   2
24   0.301
25   0.276
26   0.318
27   0.268
28   0.357
29   0.029
30   0.006
31   0.371
32   -1
33   0.45
34   0.229
35   0.163
36   0.296
37   0.465
38   0.266
39   0.194
40   0.046
41   0.044
42   1.2
43   0.098
44   0.493
45   0.163
46   0.347
47   0.21
48   0.164
49   -0.7
50   0.442
51   0.205
52   0.291
53   0.488
54   0.163
55   0.036
56   0.161
57   0.314
58   0.41
59   0.435
60   0.222
61   0.286
62   -1.3
63   0.214
64   0.307
65   0.374
66   0.116
67   0.114
68   0.06
69   0.055
70   0.32
71   0.004
72   2.1
73   0.147
74   0.356
75   0.035
76   0.304
77   0.24
78   0.447
79   0.407
80   0.371
81   0.182
82   0.077
83   0.012
84   1
85   0.321
86   0.486
87   0.441
88   0.5
89   0.4
90   0.33
91   0.105
92   0.393
93   0.32
94   0.343
95   0.422
96   -0.2
97   0.041
98   0.486
99   0.366
