5.222494944327573663e+00 2.805043111857496569e+02
8.881559640758535323e+00 4.150672033545091040e+02
-3.251409817783343925e+00 9.517449713182440263e+00
9.989831953601836290e+00 6.079588064010624748e+02
8.717842488266434486e+00 3.912769218805361220e+02
1.499948797543614987e+00 7.428804379857361937e+02
8.573102599966574644e+00 3.711896728088610757e+02
1.117873014269047616e+00 4.365236965848604314e+02
-5.484577376276855709e+00 -2.208668402326779869e+02
2.349968079671771903e+00 1.706825266898282507e+03
3.306290287423207630e+00 1.993143920235925179e+03
7.208497140300821115e+00 2.222525041564790058e+02
1.797772163575810822e+00 1.062351228310626084e+03
-7.816553926880754233e+00 -6.908889700170316246e+02
1.704622961144508508e-01 1.365464984226794343e+02
-7.534795931340600994e+00 -6.191746421380649963e+02
4.327877325418597820e+00 9.199541501661764187e+02
-3.168795436026718981e+00 1.480617972565664608e+01
4.574033907115586217e+00 6.751304378448863872e+02
-9.125769728838051265e-02 1.166930167886491176e+02
-1.118539201412957595e+00 9.164103992355256878e+01
-4.386289631786358001e+00 -8.497415379487470943e+01
-9.080881791918361756e+00 -1.070224387274882474e+03
6.904069506939446654e+00 1.986440025957473665e+02
7.592897906269072905e+00 2.571314293749252897e+02
9.676998964725868291e+00 5.476513354555436308e+02
3.661255907284932221e+00 1.692954172723654892e+03
9.687373434507836834e+00 5.495748902885237612e+02
4.114694481259519421e+00 1.163647172120000960e+03
-9.360807482705322258e+00 -1.167722495144007326e+03
-3.475137860430017156e+00 -5.825843358536502592e+00
-1.467542677259208617e+00 8.469611360625945906e+01
-6.345853982889570588e+00 -3.632418369067656840e+02
2.579724044318025378e+00 1.917416040143763894e+03
7.348443477170761184e+00 2.343201780420382363e+02
1.021199118735953704e+00 3.792017455264784758e+02
-1.900485608223952738e+00 7.318822424996940867e+01
-4.970311458542391314e+00 -1.512768457984244890e+02
8.921622620737650777e+00 4.210645970181914208e+02
5.428651922098758575e+00 2.228269359721217313e+02
2.019862403717088029e+00 1.327013814542513956e+03
6.864104893516568495e+00 1.958379737096522035e+02
-5.109789560001676278e+00 -1.690758828855407501e+02
9.581619931724780770e+00 5.302084200652898289e+02
-4.522034305236680041e+00 -9.923615472710460494e+01
-3.130040443601482814e+00 1.721872182448230859e+01
8.025830525474997756e+00 3.029380917956482904e+02
-6.708039671563912343e+00 -4.335440231271161338e+02
-4.644987945656973594e+00 -1.127444088943481972e+02
-7.284422393176077648e+00 -5.591303889153430191e+02
6.919765223647434738e+00 1.997660186972933900e+02
-7.718681854741776149e+00 -6.654729399216383854e+02
7.855995259921577656e-01 2.704640385093139230e+02
-4.254946411276979035e+00 -7.181176195417762642e+01
-2.610794033384125079e+00 4.551245725434872469e+01
-9.813557994415214480e+00 -1.336446896671149943e+03
-7.078947099306292401e+00 -5.123730084546859871e+02
6.567854289065017781e+00 1.776421284490364485e+02
4.258266899555284368e+00 9.970308633400596818e+02
6.307866269925433755e+00 1.667609219352457046e+02
9.400800150728510829e+00 4.983217073292551618e+02
-7.028327175277095940e+00 -5.011962100912885489e+02
-7.060212848923715256e+00 -5.082208846388660959e+02
3.128035137835240675e+00 2.068485603474754043e+03
-9.653072213155853731e+00 -1.275052762757371056e+03
1.448791920164103075e+00 6.945047602572432197e+02
8.674779186145894272e+00 3.852087085690786239e+02
2.458608609981746795e+00 1.814457606205519369e+03
-3.090610687501391673e+00 1.962890964375311142e+01
-3.720078333657641068e+00 -2.439709216989725249e+01
-7.615878370089363969e+00 -6.393570514785626528e+02
-8.115626854843052129e+00 -7.719553947706981489e+02
8.770291123874741857e+00 3.987736856275409991e+02
6.065010935809723946e+00 1.634832979667659458e+02
-4.597141541179627922e-01 1.034198242552816112e+02
-5.070528722982414749e+00 -1.639864559421611716e+02
5.740945268233364374e+00 1.768972253933162335e+02
-7.692225654149263292e+00 -6.586954760340277062e+02
8.007351485739572894e+00 3.008389292502046146e+02
3.992880081968069206e+00 1.309634345613947289e+03
-3.682013751301274063e+00 -2.138602952630512988e+01
1.635032938994953611e+00 8.805107896361323583e+02
-1.904536599828539067e-01 1.119435079802237283e+02
2.569453581508744477e+00 1.909483707011065235e+03
6.507397887967577788e+00 1.746030512987670136e+02
-2.256175898511674660e+00 6.080950016487870613e+01
3.665614632363746850e+00 1.688333355124394984e+03
7.408551714614880268e+00 2.397262799657166283e+02
-8.179170352664844046e+00 -7.898502164498477214e+02
5.100463924687765882e+00 3.280003161889950434e+02
-8.839941768644523634e+00 -9.903562466510636568e+02
3.852272255383219601e+00 1.477736907389223461e+03
-4.694671409961292952e+00 -1.183646441876509385e+02
7.390399547584486584e+00 2.380796873322273086e+02
3.359455289214885454e-01 1.573397240145467890e+02
2.744852298462641116e+00 2.021701848031046893e+03
8.817494662517493254e-01 3.098545420910195958e+02
-4.488934428663826637e+00 -9.569601417066944293e+01
4.590271584160134921e-01 1.787540840740046235e+02
-9.012487196159050029e+00 -1.047175715226425382e+03
8.056442016394818495e+00 3.064442676892783766e+02
5.338143076669339848e+00 2.449622845631125188e+02
-2.774875400577061058e+00 3.735921577450415043e+01
-2.475404528626938827e+00 5.171871844397255558e+01
-9.056418725302357586e+00 -1.061945892157955996e+03
3.907552121493928610e+00 1.412106825922382313e+03
5.248897107878221391e+00 2.716205073712322360e+02
4.163640176326051545e+00 1.105913135754707810e+03
-7.340049480890645128e+00 -5.721765828824349001e+02
7.746743182197455724e+00 2.726099844129777239e+02
8.415573066009109482e+00 3.503137007599779054e+02
-5.127248332812188281e+00 -1.713591931209873849e+02
-1.345965767235927757e+00 8.731590360715010490e+01
7.866253561063182076e+00 2.852385515629266592e+02
4.355389936939406681e-01 1.742093719099910913e+02
5.702836723942802166e+00 1.804047400576314146e+02
-7.824049232558345501e+00 -6.928577947905677092e+02
9.043108728600696367e+00 4.396797317867755623e+02
6.346828449814434947e+00 1.679911507896456158e+02
6.308262268111480608e+00 1.667725952139259959e+02
-8.984395511687514713e+00 -1.037795889105711922e+03
2.008812438183598559e+00 1.313689461259479231e+03
5.449641482458691399e+00 2.183404928215113046e+02
-8.608748549727431865e+00 -9.171606100527659464e+02
8.976647297731869202e+00 4.294157038186246496e+02
6.920992268170383710e+00 1.998542012734771163e+02
6.499084978158091275e+00 1.742066085930064219e+02
-1.946449583157400909e+00 7.174550088645868584e+01
-3.227694983639159965e+00 1.105606359415613049e+01
1.769997965589151789e+00 1.030307585422389820e+03
2.948514493012661219e+00 2.082464435991289065e+03
9.039649307271687917e+00 4.391406651299633381e+02
-7.596824145421912533e+00 -6.345814274764184120e+02
-1.165100374285239937e+00 9.080796659063119591e+01
-4.502487329573552799e+00 -9.714063690212310576e+01
-2.459004662143016162e+00 5.243927844632140278e+01
9.761239599050561822e+00 5.634207119707118636e+02
-3.067470142367669794e+00 2.102271379570974119e+01
4.308948493458526485e-01 1.733377710587849947e+02
6.553267242876476217e+00 1.768845166778566522e+02
-7.079924919917887749e+00 -5.125902309153352689e+02
6.975880267836384263e+00 2.038666209911027067e+02
-7.474750760521089887e+00 -6.044627644531306032e+02
-6.181653267123516926e+00 -3.334643482394382659e+02
-6.027404169086237218e+00 -3.066485978909055348e+02
9.081280120354907837e+00 4.456630362258053424e+02
-9.950202739306471145e+00 -1.390117966827322789e+03
3.404032989228708672e+00 1.928152629013743308e+03
2.457373513494323092e+00 1.813308377216380222e+03
6.691768062951613416e+00 1.846440532077759826e+02
-7.017947497565002024e+00 -4.989209351796768033e+02
-4.169309290681808555e+00 -6.356069602585400702e+01
4.388565552810224091e-01 1.748373985759629363e+02
-9.982026081756046665e+00 -1.402803760138285725e+03
3.132835659505744275e+00 2.067239552271537377e+03
4.482097964290247205e+00 7.609479574953622887e+02
-9.886730558799889934e-01 9.385952978270391611e+01
-9.787925181338337666e+00 -1.326522610002026340e+03
-5.395200291460387376e+00 -2.079806258053869499e+02
7.559432621586829271e+00 2.538794831822177684e+02
-2.504748229256595238e+00 5.041276080495449463e+01
5.576673329082300512e+00 1.958437497456330050e+02
-4.361127071270534117e+00 -8.240442186558252047e+01
-4.126555709048762566e+00 -5.953776295419871190e+01
-3.598417068373967354e+00 -1.493592603139812702e+01
-9.614134582109363336e+00 -1.260421739330807895e+03
-5.642537906950337856e-01 1.011508657977108498e+02
-8.250090702981209390e+00 -8.101042193586615667e+02
-7.983504729727730620e+00 -7.355046774517066979e+02
-8.972276288706403591e+00 -1.033764854452751024e+03
-7.051439874230283067e-01 9.854745566801852874e+01
-4.601564925499552317e+00 -1.079089390135024189e+02
6.890963476789355724e+00 1.977156711295168918e+02
-6.137644054279334682e+00 -3.257002083323286570e+02
-3.230024004450533504e+00 1.090568979716207387e+01
1.608726697963776431e+00 8.526522548828999106e+02
3.621951804937918240e+00 1.733828654275416056e+03
-1.543954160646682894e+00 8.292229103157337988e+01
-2.781058258737818534e+00 3.703812988648414972e+01
5.984294078095125258e+00 1.645206505190255655e+02
7.269968926306138002e+00 2.274631010105352971e+02
6.425700546414137904e+00 1.709510233158204358e+02
2.522054690100963725e+00 1.870891188025366318e+03
-1.566362645969602951e+00 8.238243225834906980e+01
-4.347374303537552720e+00 -8.100960170338593969e+01
3.966003564392297065e+00 1.341987143591975610e+03
4.778160234587600641e+00 5.112819101319583410e+02
-8.066385980014036505e+00 -7.582514709653048612e+02
-2.756021716012925893e+00 3.833203554097463694e+01
2.652134468112784305e+00 1.968715399411837552e+03
-2.049745466550874085e-01 1.113394880480659594e+02
2.107187885818870399e+00 1.431838792676744333e+03
-5.623900838136790981e+00 -2.416394055304488973e+02
-7.016738399294954576e+00 -4.986562602602493826e+02
2.408311511341814537e+00 1.766210681086498425e+03
9.211337803405726277e+00 4.665380699047830717e+02
8.200384354157630895e+00 3.234170843875602941e+02
-5.516747626788049530e+00 -2.255887493131357928e+02
-9.174957163259145787e+00 -1.102420568256114393e+03
-7.664354972157667589e-01 9.750799715532582468e+01
-9.254127580807452347e+00 -1.129961610233569900e+03
-1.730275929039333249e+00 7.814794056550557855e+01
6.774253516406766096e+00 1.898091566079970676e+02
-1.400073061631454507e+00 8.617947723997875187e+01
-5.495306220900657124e+00 -2.224366614923477243e+02
4.191912317582280778e+00 1.072958525482121786e+03
2.490639324213185901e+00 1.843599737420220663e+03
-8.877446843929126530e+00 -1.002546022046658891e+03
3.306767218478984915e+00 1.992865302812924938e+03
-5.094389528056146865e+00 -1.670721091476531512e+02
-4.568372725375606791e-01 1.034880250441516409e+02
8.298756492055300527e+00 3.354836030245531902e+02
8.848872906456545451e+00 4.102255172785850732e+02
1.299011203619553356e-01 1.325779144963089493e+02
7.388045930673392547e+00 2.378670753521527104e+02
1.320455323494575950e+00 5.829789225626225289e+02
6.771563324925342187e+00 1.896349150990860437e+02
3.968718843647485173e+00 1.338720096990296270e+03
-8.614077694357151316e+00 -9.188104250125103363e+02
4.547582985119266397e+00 6.990836925980636352e+02
2.859161801267678271e+00 2.065620862575936826e+03
2.789761927934925723e+00 2.041872769717223264e+03
7.495821220275221464e+00 2.478110170916531558e+02
-8.386117499131060526e+00 -8.497911572263916469e+02
-7.777931473829974962e+00 -6.807944596518686922e+02
-3.664095621043856887e+00 -1.998474891957241795e+01
1.389197496707293311e+00 6.409349188809669613e+02
-6.542400517508393243e+00 -4.005918221727399100e+02
4.604255812646851354e-01 1.790319733734086469e+02
8.023758451604290798e+00 3.027020598691299824e+02
8.810846154083776582e+00 4.046507749420410960e+02
-4.106956446693041940e+00 -5.771482186714392526e+01
-2.466282343880942918e+00 5.212034199780148214e+01
-8.380287730162034876e+00 -8.480674910469866745e+02
-4.556330392823912945e+00 -1.029471507692450416e+02
8.935232882495682816e+00 4.231179222016016865e+02
1.265352194829823418e+00 5.395417394925750614e+02
7.557165852244487780e+00 2.536606942122761836e+02
2.309994386029355695e+00 1.664276382953349184e+03
-3.260564403733567929e-02 1.200989442636653735e+02
9.714054066495631190e+00 5.545456142219270532e+02
-7.180554686403189280e+00 -5.352144075820658600e+02
-9.832508967561597757e+00 -1.343813260933228548e+03
-7.213274693109797298e+00 -5.426862225935763036e+02
-5.356721052541066896e+00 -2.025372435282837387e+02
6.211061290434752635e+00 1.644661982516163619e+02
-8.204945990337524364e-01 9.661474342270659577e+01
-9.779517025380943807e+00 -1.323277054869166932e+03
8.920880058164982529e+00 4.209528017169302530e+02
7.404499885346258026e+00 2.393576882344067087e+02
9.657504786706610389e+00 5.440508611749766033e+02
-5.642708294086096643e+00 -2.445082101351523534e+02
-5.531511068159229438e-01 1.013749173491470401e+02
-6.356606691800839037e+00 -3.652367516433995434e+02
7.262226885385260289e+00 2.267990306492099535e+02
-6.261337615376660892e-01 9.995939896666504865e+01
9.967202981341348078e+00 6.034346551400847147e+02
-3.177075423849826663e+00 1.428510357500852912e+01
-5.657963820906656949e+00 -2.468466125485293219e+02
-9.075420329682270193e+00 -1.068372842357908439e+03
-4.749057527795155664e+00 -1.246248886085664935e+02
4.937489408900187726e+00 4.095313131124440815e+02
2.975165076198752701e+00 2.084435443276222031e+03
3.186815319054222329e+00 2.050175264007928945e+03
8.472626602392068662e+00 3.577571490708281203e+02
1.746593211080483599e+00 1.003592159274223036e+03
-3.196835174137813596e+00 1.303352567109538995e+01
-1.762172237957102539e+00 7.726338163652540914e+01
3.737952827432764025e+00 1.609375256621987546e+03
-3.112556762276703637e+00 1.829293086297245807e+01
9.750443540884518256e+00 5.613805706460600504e+02
-2.082455883908281180e+00 6.720852489316713729e+01
3.887936037381148680e+00 1.435495822675952923e+03
8.999635043058646033e+00 4.329438300879713211e+02
-5.566720784783479203e+00 -2.330122829425580449e+02
-5.408255159027486769e+00 -2.098416403509971531e+02
-5.289535386799572692e+00 -1.931823455067194573e+02
-4.231683519897280199e+00 -6.954478270471912538e+01
8.965103762866441173e+00 4.276527649602219299e+02
-8.719851158225377930e+00 -9.519197677746035424e+02
4.317640279286749205e+00 9.311038197699679131e+02
-3.357156001980809990e+00 2.453550535110541997e+00
-2.570922349823021591e+00 4.738835796997286565e+01
-2.014505520889297685e+00 6.952593139139260359e+01
6.634448884530943502e+00 1.812844312731182299e+02
7.389214282139860757e+00 2.379725919552592472e+02
4.165511222433233129e+00 1.103722468993608800e+03
8.066431246925336751e+00 3.075962082041447161e+02
-6.025143188195995592e+00 -3.062637548381329680e+02
-2.365146013622625887e+00 5.643597161018448816e+01
-3.876303209395663529e+00 -3.724920808855506493e+01
-3.066589976376703497e+00 2.107542732794163598e+01
7.045316025394146919e+00 2.091267212493693819e+02
-5.717429673517253619e+00 -2.560595104735173209e+02
8.924366772555142546e+00 4.214779466099786305e+02
-7.762901559765147397e+00 -6.768890516086179332e+02
-4.744097850784712023e-02 1.191901044937605576e+02
-7.232578101531843551e+00 -5.471210137880658522e+02
4.265336770171126446e+00 9.890736042745564873e+02
-9.845462779336365600e+00 -1.348862745234181375e+03
-4.564579979460612336e+00 -1.038463377565589667e+02
-1.824496692093816819e+00 7.547585005548248205e+01
-5.705819875744810865e+00 -2.542485648272468666e+02
3.956214825303858262e+00 1.353760386678396571e+03
-9.200536629377042530e+00 -1.111274176851495668e+03
8.170657324164306345e+00 3.198457316641756165e+02
-7.795068073562109845e+00 -6.852628932767134984e+02
4.141269981772204289e+00 1.132202678951616690e+03
-2.574818888677475215e+00 4.720681935601152190e+01
9.159191444445362151e+00 4.580770503845155872e+02
-8.715026540411564326e+00 -9.503944377645286750e+02
5.802001916754218058e-01 2.061306732148956939e+02
-7.535593688121138278e+00 -6.193714403041072956e+02
-3.139668656460399276e+00 1.662340374002152998e+01
-2.176985026947500401e+00 6.381241809749969462e+01
1.479007142720556445e+00 7.228156953822136757e+02
-4.189076974461354297e+00 -6.544236197487533957e+01
4.825480943671216494e-01 1.835402222098401523e+02
-3.330599758763255203e+00 4.258937854913308563e+00
-3.408220750688797374e+00 -1.077847270839233929e+00
1.392326742606741163e+00 6.436717083064236249e+02
-8.211383693378815352e+00 -7.990130024728700846e+02
5.046937992874349632e+00 3.523885304588869190e+02
-9.605954148217094257e+00 -1.257360953760783559e+03
-8.412521748906137020e+00 -8.576236896135194456e+02
-3.704344742449059424e-01 1.057203275619547895e+02
7.571586416689441990e+00 2.550557744472812658e+02
5.363141552808706081e+00 2.383784291522751175e+02
-1.811277381043028711e+00 7.586160091066474820e+01
-3.468650812464355582e+00 -5.359547116866721694e+00
5.510857939347864942e+00 2.065409733699232788e+02
-9.891804661728503589e+00 -1.367022120886311541e+03
-1.926957630912781383e+00 7.236281106830014664e+01
1.222799868682859170e+00 5.078465606396201792e+02
-2.889546988664042360e+00 3.123688275635473133e+01
-8.853104243067733137e-02 1.168406255367542741e+02
9.742136813463833533e+00 5.598146891439015462e+02
5.109806409862819976e+00 3.239730869456845994e+02
5.071571831099673133e+00 3.408835432187788683e+02
2.819382645903395712e+00 2.053127822672323873e+03
-8.954794388483120926e+00 -1.027966626887560096e+03
4.047730397847912442e+00 1.243650479329809059e+03
3.060648172582233428e+00 2.081218818914626809e+03
3.107484298726046035e+00 2.073312913252340422e+03
8.251414894286281054e+00 3.296288087727442644e+02
-7.707451718417779318e-01 9.743615463862705894e+01
-1.371950805931732020e-01 1.143498320789697544e+02
-9.224597224950167984e+00 -1.119641007926903967e+03
-2.007965371668873900e-02 1.208927979300901114e+02
7.228751585421047565e+00 2.239536058456264982e+02
-2.786649149269944559e+00 3.674690767373959233e+01
-4.818076767509631431e+00 -1.327335730138254064e+02
-2.270107672278099287e+00 6.026606253638858846e+01
-2.285673523806366347e+00 5.965347222016818307e+01
-4.462022287371079088e+00 -9.284750707287928151e+01
-3.800315566831451441e+00 -3.089797891310906408e+01
5.079292353477661948e+00 3.373769155365370125e+02
-9.487563915044729512e+00 -1.213569244902338824e+03
-9.612800363997983766e+00 -1.259922220150262547e+03
2.927560372975095859e+00 2.079924867608063323e+03
1.988567855526630623e+00 1.289274183788972095e+03
-2.066697052652561872e+00 6.775509494806244959e+01
8.161949528916949248e+00 3.188061429637808715e+02
-7.144709208478749574e+00 -5.270940973989332861e+02
9.655245766256214779e+00 5.436348106111280458e+02
-5.292337663004264670e+00 -1.935687552821628969e+02
3.548060259013679385e+00 1.806367460028011237e+03
-6.261773051368413334e+00 -3.478336617134708604e+02
-8.342770489734011363e+00 -8.370238730039579877e+02
8.140073919300792937e+00 3.162075582997158563e+02
7.858850286049477774e+00 2.844407577716106061e+02
-8.415720255666858662e-01 9.626982480344676674e+01
6.955374937911852129e+00 2.023522600407025891e+02
-5.743062679318262198e+00 -2.600790167239358652e+02
-6.360144985448870081e+00 -3.658944163764182917e+02
2.045332079585175933e+00 1.357698651733348242e+03
-8.248430630271821329e+00 -8.096267102143693819e+02
-9.364760581858408983e+00 -1.169136174865501744e+03
-3.043949627256825607e+00 2.242381812795603935e+01
7.935695595745904996e+00 2.928221610461333171e+02
3.818499508578909740e-02 1.249274792457428589e+02
3.771926756858528407e+00 1.570998099226595969e+03
-9.607781250714499066e+00 -1.258044188505747798e+03
4.955580297062718742e+00 3.993902852223645823e+02
2.415144472820713872e+00 1.772933841655821880e+03
-5.097967178643621367e+00 -1.675367561175803246e+02
-9.458124297261445435e+00 -1.202825757333546562e+03
-5.038865333287112946e+00 -1.599273009834231800e+02
-1.351081862981189374e-01 1.144506371895801919e+02
2.113195900086495271e-02 1.236857520149313530e+02
1.421992335773156313e+00 6.700377035257552052e+02
-6.859905197537492505e+00 -4.649668738806152533e+02
6.988128418301595701e+00 2.047797739307549989e+02
-4.776795880406559114e+00 -1.278615624642767585e+02
-2.645247984382415041e-01 1.090691891844984696e+02
1.056429699206480777e+00 3.991819826201050319e+02
5.763148420634392366e+00 1.750758837623857858e+02
-2.396147178837477298e+00 5.513966694799577084e+01
3.421391433627984924e+00 1.915026222482482808e+03
4.675953739437899159e+00 5.886143317022222163e+02
1.835490016949133718e+00 1.106394275073476365e+03
-6.927639332342789835e+00 -4.793611332872990261e+02
-6.011493780178116531e+00 -3.039454888291143675e+02
3.368230662312415191e+00 1.953756306747396138e+03
-5.567568439165233585e+00 -2.331391350511808014e+02
4.422645570606366761e+00 8.201411784556472639e+02
-8.272718633939362576e+00 -8.166293587831028162e+02
8.726763282738062344e+00 3.925437800173623373e+02
-8.040392196122674306e-01 9.688507061036354173e+01
2.938472146278032326e+00 2.081355869284048822e+03
4.028950688590860807e+00 1.266218545716153130e+03
-4.670302950897000649e+00 -1.155963365796556275e+02
-5.689596127815878646e+00 -2.517279009817106328e+02
4.320410224075700967e+00 9.280803184483296491e+02
2.358891733019593318e+00 1.716126846701400837e+03
7.666122116701902911e+00 2.643900186299326833e+02
4.377634176523191201e+00 8.667547645590448155e+02
-1.838166486907667263e+00 7.507317603861859823e+01
7.627403222632747060e+00 2.605273768350471641e+02
5.065807020152524487e+00 3.435326072400188764e+02
7.331317740588012555e-01 2.516110323185812945e+02
-4.207179920256338690e+00 -6.717760561269665232e+01
5.934976527876296259e+00 1.658151859694805239e+02
8.544741229253176584e-01 2.980166966909771418e+02
3.779680403854149162e+00 1.562140604492815328e+03
6.783420200341115702e+00 1.904056947636919972e+02
9.190533856443177996e+00 4.631478097172795856e+02
-8.673415581963579868e+00 -9.372990079641058401e+02
-5.049909596299944070e+00 -1.613385528130298496e+02
2.293647192750142949e+00 1.646487783542615944e+03
-7.681793683732505151e+00 -6.560338581274414764e+02
7.782031392386770108e+00 2.762835319222351700e+02
-3.090789394600246709e+00 1.961808635770336195e+01
-4.680918334446118045e+00 -1.167994856292662718e+02
-8.815667569743945720e+00 -9.825140152001747538e+02
5.291132770717215550e+00 2.583727117145868988e+02
-2.511103144713054292e+00 5.012709980726364023e+01
9.714277098831971102e+00 5.545873108712570456e+02
1.432592261969624303e+00 6.796420243238128478e+02
-7.871387715220481418e+00 -7.053664113380717708e+02
7.985055880023661956e+00 2.983235849726361266e+02
6.120630009957054085e+00 1.634613343446827116e+02
-9.440679090252665162e+00 -1.196486733107807140e+03
-3.963365945285726610e+00 -4.476233482381135076e+01
-5.430457460828299610e+00 -2.130232735995959388e+02
5.385916057095101905e+00 2.326983522902858397e+02
1.113868620249382602e+00 4.339919075216650981e+02
-7.147778417204923684e+00 -5.277867221791951806e+02
-8.699690942275770666e+00 -9.455556281533661149e+02
-8.875917843906108828e+00 -1.002047333655181774e+03
-7.157545758026657268e+00 -5.299942229531078510e+02
-2.835209560515671967e+00 3.418221884347538975e+01
-9.456454805679745945e+00 -1.202218239575619236e+03
9.101892362273925841e+00 4.489209032613878776e+02
-5.720162918530684593e+00 -2.564867217476337942e+02
3.347609457315254389e+00 1.967575479733195152e+03
-1.040781281416311543e+00 9.298515645869973412e+01
-5.235584001812963351e+00 -1.858066555367793171e+02
-2.535260378260768555e+00 4.903195751502229882e+01
6.187111317501120311e+00 1.640844094542672735e+02
8.564570656151737182e+00 3.700328736344148979e+02
-4.107395893020866495e+00 -5.775554907173982144e+01
-2.567377942102737620e-01 1.093483539802048767e+02
-9.078326773930456284e-01 9.518908559175895334e+01
-1.685944473390389220e+00 7.934397933813427528e+01
8.518715327722695463e+00 3.638671337312825358e+02
-4.522061569657791935e+00 -9.923908748541650482e+01
8.157303259838947440e+00 3.182526554298947303e+02
-1.053344931413018770e+00 9.277148957347181124e+01
-8.429010153940510008e+00 -8.625361728744537686e+02
1.303032400748936226e+00 5.689528055640705588e+02
-1.731493025434787114e+00 7.811455886334707088e+01
3.739961457887408969e+00 1.607127102648932123e+03
4.893448679759039521e+00 4.354039376114695301e+02
7.103801981218104800e+00 2.137106375426124032e+02
-3.682746805982155536e-01 1.057812157585129711e+02
-3.487464092931733539e+00 -6.715445147932290304e+00
-6.848428008519798382e+00 -4.625511494156188519e+02
-5.673351081012079078e+00 -2.492155682837406800e+02
2.305460412937115677e+00 1.659364130358800821e+03
-5.898217435211734028e+00 -2.850359649962962862e+02
-8.235577850596971672e+00 -8.059352378460362161e+02
9.833342121833705818e+00 5.771915089451761105e+02
2.737994461816267489e+00 2.018298446126236968e+03
1.565405637346444223e+00 8.078554485166886252e+02
-9.769363887550108316e+00 -1.319364406249899275e+03
5.839590833560549754e+00 1.699608047037957022e+02
9.118497950742582958e+00 4.515592820059289352e+02
1.635176061448841978e+00 8.806636640060714853e+02
8.248572597958641950e+00 3.292801261239704331e+02
8.107109874290760132e+00 3.123269604146357210e+02
7.188615331386781548e+00 2.205978671102740805e+02
8.788501815914631976e+00 4.014040175821580760e+02
-9.099118300435343087e+00 -1.076420868126348523e+03
-5.084277182386340854e+00 -1.657615764408649284e+02
-1.497497589826750186e+00 8.401290813656756029e+01
-3.989569932076575398e+00 -4.707357213829303078e+01
-4.491869277884945610e+00 -9.600826788528894440e+01
-9.555889322350452630e-01 9.440662728575718177e+01
-9.924574365600594916e+00 -1.379953007428778164e+03
2.112854873991311777e+00 1.438588962537995030e+03
3.478694492398288318e+00 1.868560418416606808e+03
-6.884524670331493290e+00 -4.701715366663181612e+02
-7.855173565989471030e+00 -7.010676120083591059e+02
7.226850380335584134e+00 2.237932693933178712e+02
2.324704898401304121e+00 1.680096565047893591e+03
-7.938814241194802612e+00 -7.234046260005709428e+02
-4.914029097091296983e+00 -1.443148507457798075e+02
8.068576914188138716e+00 3.078441442141607922e+02
6.286880164389607728e-02 1.268200686481356172e+02
-8.038144749134923828e+00 -7.504557676499896388e+02
2.264175340402898584e+00 1.613900694810282857e+03
8.953137168954025782e+00 4.258313761564899096e+02
-2.874274573528667887e+00 3.207282995753324428e+01
-4.959999750946333386e+00 -1.499919050164947976e+02
-5.714470573360874717e+00 -2.555973707551208918e+02
-5.798111117674775272e+00 -2.688100098522428993e+02
-7.147120118890040175e+00 -5.276381227982784594e+02
-2.744511221273581825e+00 3.892131940015059399e+01
-9.999952858548367018e+00 -1.409981096355676073e+03
-7.622114483190776113e+00 -6.409244192682805306e+02
-8.050459240408258665e-01 9.686849996289822684e+01
4.936699482407298945e+00 4.099805278428865449e+02
-9.206335347289565263e+00 -1.113287167389959450e+03
-6.060909714171298646e-01 1.003355649945017660e+02
5.494841197813506994e+00 2.094490521234939706e+02
1.394940791970515903e+00 6.459644366681203564e+02
-8.859688740576716626e+00 -9.967632689945187394e+02
4.267591748160135978e+00 9.865414012809342239e+02
-7.253269794526742587e+00 -5.518968466562400863e+02
8.247690393739137704e+00 3.291719654733142875e+02
4.861421898620719162e+00 4.552890425846752009e+02
-4.410834628303592631e+00 -8.750297123793259857e+01
2.832186519235289524e+00 2.057479520540964586e+03
-2.686671454099833767e+00 4.182955978692527310e+01
-6.298777669422657155e+00 -3.545732636481793634e+02
2.313447476797085400e+00 1.668006251536681475e+03
1.957325264240441953e+00 1.251625795951434384e+03
5.040661102070036037e+00 3.553978732391804556e+02
-4.494045941694047031e-02 1.193409558872159408e+02
-3.637575061856175296e+00 -1.792955599053539117e+01
-4.929787691702889774e+00 -1.462514983888407301e+02
-7.078751809884544777e+00 -5.123296309981132026e+02
-1.125027785561449889e+00 9.152632465253205396e+01
5.267031347321983858e+00 2.657895491388180176e+02
-8.740632847284830476e+00 -9.585066052594718258e+02
6.609367728445288748e+00 1.798783362511032351e+02
-6.818225694885081012e+00 -4.562262846648993673e+02
9.614710187837818722e+00 5.362107587758335967e+02
-4.133294059924494945e+00 -6.016758380082117696e+01
8.250062354051653557e+00 3.294628441704930424e+02
-4.227950723998059601e-01 1.043231073442989612e+02
-7.832214718017029398e+00 -6.950062996686795032e+02
-9.559924255530869885e+00 -1.240222731598369592e+03
9.592689152282265042e+00 5.322104997691218387e+02
2.277301988227993235e-01 1.428498174842638093e+02
1.176175400516910940e+00 4.749614538735722249e+02
3.876980809420178531e-01 1.656407916134347431e+02
-7.465502651603737050e+00 -6.022144597696324126e+02
2.835523132664839352e+00 2.058562214054480137e+03
9.745322596932286530e-01 3.542971478930290345e+02
3.302497050024124192e+00 1.995345943064601670e+03
-2.028770262096857735e+00 6.904790454456964710e+01
-2.061439445769790879e+00 6.793621511827804227e+01
-7.279244779178501545e+00 -5.579245555258062268e+02
9.792825941106940490e+00 5.694221494840074911e+02
-4.437749844966338841e+00 -9.030124373710272323e+01
-1.344292569853509534e+00 8.735032138682277036e+01
-1.922550015346956798e+00 7.250127585702200861e+01
7.767865427225430608e+00 2.748032861940865246e+02
-2.007000514875818098e+00 6.977564034482713851e+01
-7.263808055683453446e+00 -5.543379777252424674e+02
-5.916308594289785283e+00 -2.880166640212932521e+02
3.290120525114259564e+00 2.002357495830270864e+03
5.537337558174664665e+00 2.020000311023296717e+02
-1.368546711541133831e+00 8.684720606885547056e+01
-8.373526637867211520e+00 -8.460710297037411465e+02
-5.944077269551995002e+00 -2.926208127551939810e+02
-5.205179590418984148e+00 -1.817032394659805448e+02
-2.137485235625184998e-01 1.109845741132800185e+02
-3.135813077816771433e+00 1.686211705945658679e+01
-6.614795436717050947e+00 -4.148261940117225777e+02
8.527826849442035950e+00 3.650853727647510141e+02
7.245820409110198312e+00 2.253992000789373833e+02
-4.532040492352448879e+00 -1.003143474234931602e+02
-5.919724169074010334e+00 -2.885810840669828963e+02
8.013971438679003967e+00 3.015894338497800504e+02
3.057356980333326035e+00 2.081611515084677194e+03
-8.820927614775005310e+00 -9.842102224479581309e+02
-8.090553896999672645e-01 9.680254777528242016e+01
4.432271335047133221e-02 1.253873662419236439e+02
1.269731212356717265e+00 5.428948689526600901e+02
1.840954551059441613e+00 1.112820386476671047e+03
1.026894505109556377e+00 3.823622690723384494e+02
-8.802631563859755204e-01 9.563872501365067080e+01
8.640317897689396176e+00 3.804088375642235178e+02
2.762375485335752501e+00 2.030011920118315402e+03
-4.438294772650741571e+00 -9.035817143273504826e+01
-9.525937368991780119e+00 -1.227660084555217736e+03
2.837600888267648003e+00 2.059225665755279806e+03
-4.785486999660766294e+00 -1.288818075102293506e+02
-1.717795393413258154e+00 7.848855948479521771e+01
-3.349325412159275928e+00 2.988106641625217108e+00
4.192335343966810512e+00 1.072467932554202662e+03
-3.379386140779310210e-01 1.066664303334025874e+02
-2.769899604120644732e+00 3.761687719341722413e+01
-3.574199690926345596e+00 -1.310877191338866687e+01
6.516668700154934157e+00 1.750514674887564297e+02
7.838399583072892085e+00 2.822476159369954303e+02
-5.414252374554258118e+00 -2.106989875814024913e+02
9.625620264259072911e+00 5.382012052326505227e+02
8.459605343966178026e+00 3.560466676156976860e+02
7.397498906779876648e+00 2.387222340755127163e+02
5.443057937095554522e+00 2.197227042183560002e+02
-4.303764971587805022e+00 -7.663175550468966435e+01
-1.441582000618202741e+00 8.527583447835503705e+01
5.486459232685859888e+00 2.110206387724007868e+02
3.637366494153461360e+00 1.717972945930255491e+03
-5.792957728977965459e+00 -2.679869105651224572e+02
-3.149381456904172261e+00 1.602014689617423926e+01
-1.197608508223931167e+00 9.021185033622688820e+01
3.452841788942411227e+00 1.890104455377623253e+03
-5.707745151277531903e+00 -2.545484648545688060e+02
1.364207676144303605e+00 6.193856785906830282e+02
4.339799751487486645e+00 9.070545603481732542e+02
-9.795931489852375051e+00 -1.329617567699760230e+03
6.423050814917214524e+00 1.708420970019587060e+02
6.080006749812024935e+00 1.634251491557380973e+02
1.058648464825722613e+00 4.004748447545621275e+02
5.940514763317413127e+00 1.656427869756032578e+02
-7.135260964547600615e+00 -5.249650486840018857e+02
7.083972532091376451e+00 2.121410955429522005e+02
7.914427971110768567e+00 2.904802543748159565e+02
-3.307118551158733766e+00 5.837655396570704980e+00
6.475141327437864192e+00 1.730952679912787460e+02
8.338417107995290678e-01 2.894168059005367581e+02
4.097588980771970313e+00 1.183991921427032366e+03
-1.591698497686628855e+00 8.176102207238544395e+01
4.116836479078244793e+00 1.161105003393410698e+03
-3.227345446729412259e+00 1.107861778119650076e+01
5.681842420439565444e+00 1.825528139910987591e+02
-8.360223039181599702e+00 -8.421506909687075222e+02
-7.869381811556410256e+00 -7.048337782868848080e+02
9.064336813918675517e+00 4.429992192743618489e+02
5.160453733574088986e+00 3.032906763435941571e+02
-5.578478644966436306e+00 -2.347746407916605733e+02
-8.137783300414575649e+00 -7.781679996224499973e+02
-6.407017765366780360e+00 -3.746636899292728344e+02
5.599130835465144784e+00 1.926309824277078349e+02
-5.203534658680830205e+00 -1.814823258389564273e+02
6.322250468102595278e+00 1.671960526350119380e+02
7.838218006374944480e+00 2.822282136897014198e+02
7.259763615491998223e+00 2.265882154936240340e+02
-4.430765735898494206e+00 -8.957258803027586680e+01
5.013907450629266904e+00 3.685837056947353290e+02
9.505812685336735512e+00 5.166531876201412388e+02
-4.914969295211943923e+00 -1.444301208210234506e+02
-5.553291137935882915e-01 1.013306904816316631e+02
1.404688391583022167e+00 6.545660820588984734e+02
-4.776286952493729032e+00 -1.278019102816277552e+02
7.850563767328200271e-01 2.702596460201163495e+02
-3.247201440794627025e+00 9.791697282733597518e+00
-3.460804160415255737e+00 -4.797253592301552239e+00
4.439949732265773719e+00 8.026260248708176732e+02
-9.383231223486440342e+00 -1.175755229807697333e+03
-6.386735549112354526e+00 -3.708561305183145578e+02
-6.450327741940786730e+00 -3.828609993649813532e+02
-4.984409983455845961e+00 -1.530405150985928913e+02
-9.500761206941179537e+00 -1.218404192057224918e+03
6.906485111091555495e+00 1.988159592032323815e+02
-3.697354746753176435e+00 -2.259395210093294182e+01
-3.462612329189012073e+00 -4.926659469202793851e+00
4.666293405097812652e+00 5.964147924869758981e+02
-1.953763725970119935e+00 7.151176194975589340e+01
-6.239950789041719403e+00 -3.438897556128606539e+02
5.719341035715917343e+00 1.788250004677114475e+02
-3.187339357538780504e+00 1.363640763201525630e+01
-2.968949343189947854e+00 2.678750670634750719e+01
-1.987919976322928051e+00 7.040495413011166193e+01
-6.661319078259007043e+00 -4.241110346798666342e+02
7.466554706030340327e+00 2.450686895742254592e+02
2.733459911131010500e+00 2.016001689936452067e+03
7.551205957261679202e+00 2.530863404957505622e+02
-4.916612833302565377e+00 -1.446317055615137974e+02
-7.927186835303632328e+00 -7.202753709518293590e+02
4.298574720519287240e+00 9.520449574978670171e+02
-6.590825740833762936e+00 -4.100845190182230908e+02
4.835831516680123343e+00 4.718341408392309404e+02
2.644049115239875292e+00 1.963402439518587244e+03
3.656913122595245369e+00 1.697541228658693854e+03
-2.892326536017879590e+00 3.108405696431120901e+01
9.856240547118769513e+00 5.816180485571464942e+02
-8.817191903069138803e+00 -9.830053880075186044e+02
-1.744887132414641329e+00 7.774525342990683896e+01
8.342048892287113659e+00 3.409157662649236045e+02
-5.745880146654876341e+00 -2.605226032092264745e+02
-8.594927633975393277e+00 -9.128900399018434655e+02
-3.913169191330057473e+00 -4.039957629463722100e+01
-9.010509484857340823e+00 -1.046513703479819469e+03
-2.590767711339414525e+00 4.645973876771285660e+01
5.970643213759244006e+00 1.648257343289004098e+02
-7.085406732410584496e+00 -5.138089427071520277e+02
2.065562352794591661e+00 1.382022372387685891e+03
7.850146766126016473e+00 2.835054743441546066e+02
-7.873171001237055933e+00 -7.058401254707063117e+02
7.071259979382510608e+00 2.111431338588258768e+02
-7.118135251053452350e+00 -5.211179877939157450e+02
9.952624372058487268e-01 3.651434122210790179e+02
6.584972878912306982e+00 1.785501350102163372e+02
-6.470467277934412564e+00 -3.867039105149378884e+02
-8.080577990599202565e-01 9.681895071243361883e+01
-6.447538284829490429e+00 -3.823302896872826295e+02
-1.276352186209702921e+00 8.871280484298766567e+01
-4.872267850229676789e+00 -1.392299751564125643e+02
8.599985274967419713e+00 3.748542944182371457e+02
-7.816338039766749901e+00 -6.908323093767717182e+02
-7.057801473739546694e+00 -5.076877806600722352e+02
-1.477916360818319674e+00 8.446126174880342319e+01
-4.182947096018290623e+00 -6.485739858555243131e+01
2.710611775875479523e+00 2.003873090235465952e+03
-6.134284710796096718e+00 -3.251112824196834481e+02
6.640589901971416964e+00 1.816347935296143987e+02
9.400469165428503970e+00 4.982647416369032385e+02
2.941995809775532322e+00 2.081767613442331822e+03
-7.144159832129403753e+00 -5.269701728292761800e+02
6.932316894145166941e+00 2.006712236559492055e+02
2.165209393057470066e-01 1.415475463803578862e+02
-4.129587948149713306e+00 -5.982098515930650251e+01
-6.790841758981809306e-01 9.900235123073275645e+01
8.896745122535708816e+00 4.173322588405929423e+02
5.543076098250015349e+00 2.010587404292930955e+02
-1.922423542705116617e+00 7.250524287743409957e+01
-1.072220459578707263e+00 9.244809211242244373e+01
7.388040948048818279e+00 2.378666254668372915e+02
4.832774752963731046e+00 4.738496804587824727e+02
9.373372765681114771e+00 4.936184186860091359e+02
-9.701159573274019010e+00 -1.293263996781677406e+03
-4.369581006558263425e+00 -8.326522274160033987e+01
-6.641300698752916176e+00 -4.201026951214425935e+02
5.321028620829999056e+00 2.496862056969741559e+02
7.299639177773876497e+00 2.300287835349298291e+02
-5.835409231016656761e+00 -2.748027740463232931e+02
2.021739257109878452e+00 1.329276502848905011e+03
-7.891126816833549107e+00 -7.106200782118054349e+02
-5.937010236206967662e+00 -2.914457373317223414e+02
-6.001869059680656093e+00 -3.023159514403943149e+02
7.512387590382534341e-01 2.579164206709860423e+02
2.468267966353019816e+00 1.823381045425478987e+03
-1.117812028394006063e+00 9.165386939082502238e+01
2.019304997664876922e+00 1.326341787200516137e+03
-4.986543718956650828e+00 -1.533081275819511973e+02
-5.933640128601345154e+00 -2.908861730573758564e+02
-5.615160694564651500e+00 -2.403114918766435437e+02
7.639958015003223579e+00 2.617738266983918720e+02
1.720211419536319397e-01 1.367069030677586170e+02
-2.540500111437982156e+00 4.879248209272802228e+01
8.666863207412763614e+00 3.841017377465813638e+02
-3.530296743516501579e+00 -9.843342137746166287e+00
2.296317188275338594e-01 1.430741758357807498e+02
-3.952951284517167707e+00 -4.385019099995503211e+01
8.995357915513832125e+00 4.322856242858959490e+02
-2.959241234011685151e+00 2.734085712744300878e+01
1.231652081238559404e+00 5.143075709756660672e+02
8.866746562303525536e+00 4.128673141718886086e+02
-7.474647969410503912e+00 -6.044377491688381951e+02
-4.630741199441771982e+00 -1.111500831662133066e+02
-9.631957178563155253e-01 9.428128475967460531e+01
1.922306638814422541e+00 1.209549712710083440e+03
4.749019193359920621e+00 5.323617659035162433e+02
-7.027248198490547715e+00 -5.009594315740999946e+02
4.812450061411642110e+00 4.874650439261371275e+02
-4.318027279479159652e+00 -7.805599653586560294e+01
-9.058422245714908172e+00 -1.062622450554600846e+03
-4.706491237699301777e+00 -1.197155588059484046e+02
-7.158172023640412718e+00 -5.301359364784613035e+02
1.121298106809316408e-01 1.309583741745926773e+02
-7.039901825455096684e+00 -5.037400575266698297e+02
-4.951853278770988354e+00 -1.489797636511692360e+02
6.162975552007754487e+00 1.637816074363605878e+02
-4.059759169584975069e+00 -5.337948916437520097e+01
7.560127861461300114e+00 2.539466255072685215e+02
-4.108617530985441135e-01 1.046288532907666706e+02
-8.905138976360664316e+00 -1.011603520128533773e+03
-9.483484138261850660e-01 9.452571885871711288e+01
-1.917684739059200894e+00 7.265363798629449832e+01
5.182021847456546482e+00 2.950582568390861979e+02
2.599531490298875980e+00 1.932264743413447377e+03
3.150737025778660438e-02 1.244349965012816455e+02
-8.281583719466457438e+00 -8.191940743569825827e+02
-2.221399264080831770e+00 6.214618188639435203e+01
3.672992737434743304e+00 1.680473592456050937e+03
-2.575761120935609050e+00 4.716286305278761404e+01
5.904883323406664886e+00 1.668776297861662670e+02
7.756424072868831843e+00 2.736131804055723933e+02
-2.357866533913890450e+00 5.673698794691723890e+01
-1.880656791747659540e+00 7.379679506809345924e+01
8.588322216684190380e+00 3.732607108111072876e+02
-9.616831043800127432e+00 -1.261431638006834191e+03
-7.807029715881270704e+00 -6.883918150847692914e+02
-5.632958492723112442e-01 1.011700612676225148e+02
6.234612050236609804e-01 2.176620352975695596e+02
-8.116970066089539415e+00 -7.723312063209315284e+02
-4.520461234619920887e+00 -9.906699061023408603e+01
-1.352645309528181627e+00 8.717807897967487918e+01
-7.787369105492320642e+00 -6.832532973749133589e+02
-1.589383112571280066e+00 8.181830149487143444e+01
9.055998430719355952e+00 4.416929437988569589e+02
7.847087440900814670e+00 2.831773921717231701e+02
1.357231776162155512e+00 6.134678703101214978e+02
9.421888267059216560e+00 5.019616607316377781e+02
6.778492949321645256e+00 1.900845048106089621e+02
-4.858031582656181513e+00 -1.375122186671361249e+02
3.433896707821466165e+00 1.905290044175310413e+03
-1.477501373409031871e+00 8.447069213875667515e+01
-3.552776878378429259e+00 -1.150783764115337249e+01
-8.361066011266309772e+00 -8.423987840396458751e+02
9.594407959829499788e+00 5.325219013440288336e+02
8.730320903493975493e-01 3.060122858663652892e+02
3.593832845509492557e+00 1.762133767961591275e+03
-2.562458638645431108e+00 4.778135094355198476e+01
-8.130522232064318899e+00 -7.761288384760589452e+02
9.924492836697179854e+00 5.949651630549678885e+02
-3.912579539039457543e+00 -4.034883052267237247e+01
2.493142392096196147e+00 1.845822112069326749e+03
9.348522587117290783e+00 4.893871121590460689e+02
-9.146386964100106098e+00 -1.092582115540930772e+03
7.343537845268524933e+00 2.338848394397818140e+02
1.985673575293329662e-01 1.395325383712179246e+02
1.633559744201107833e+00 8.789380260134967102e+02
1.180762490817778954e+00 4.781117370332918313e+02
5.225031314460579779e+00 2.796302632787284210e+02
3.171829232425933398e+00 2.055471097993042804e+03
-9.429798146405278914e+00 -1.192543222276636016e+03
1.363563711405051393e+00 6.188375985646609934e+02
-5.028320445427532093e+00 -1.585844397907792427e+02
3.938884565367681390e+00 1.374580307852105761e+03
3.977608470646208261e+00 1.328021027623637337e+03
4.995636630630215791e-01 1.871544720473743268e+02
-4.942708105836823407e+00 -1.478466805054490010e+02
8.560048519408667289e+00 3.694209642375832914e+02
5.377324995522425155e+00 2.348059772773594034e+02
-5.184660816712103326e+00 -1.789555521134619767e+02
-3.533617070704018204e+00 -1.008819547496372238e+01
-8.659894788806566268e+00 -9.330670087126491126e+02
-2.350299762223249544e+00 5.704852972053591742e+01
-6.019380359216666143e+00 -3.052839267482844434e+02
-7.140544742384276056e+00 -5.261551034353269642e+02
-3.938699040614168645e+00 -4.260786691681286698e+01
-5.617838764131109386e+00 -2.407180233904311137e+02
2.564080433548872051e+00 1.905271451664579217e+03
-2.628665410174342298e+00 4.465842189404246909e+01
4.804398513329061871e+00 4.929617928855789728e+02
-5.808112133395058052e+00 -2.704107669766345339e+02
-9.712385655902631143e+00 -1.297538126362608409e+03
-3.638433992754579904e+00 -1.799576691922604965e+01
-4.720982877855703919e-01 1.031302035780594366e+02
-2.566982781160609406e+00 4.757150904622388765e+01
8.611899239773833870e+00 3.764880046861637197e+02
-8.002669899534096132e+00 -7.407290893143824633e+02
7.670440388711526225e+00 2.648242288608733475e+02
-2.967767129533182668e+00 2.685503150437697428e+01
4.094507498306676041e+00 1.187664678896639089e+03
2.476431534685390901e+00 1.830832495511122033e+03
2.458632657538315058e+00 1.814479963506927106e+03
2.647944864320946223e+00 1.965975765049039865e+03
3.422290646311981988e+00 1.914333874113526235e+03
9.910183228343637296e+00 5.921477807377594900e+02
-3.282262586519069103e+00 7.490876542958080364e+00
-3.471606549308095424e+00 -5.571847877430739615e+00
-8.988639769373190092e+00 -1.039209811259429216e+03
-9.183687231158492281e+00 -1.105437444962100699e+03
6.620221877225358043e+00 1.804818874236702300e+02
-4.530184975249924584e+00 -1.001141295649962046e+02
5.520954391305677333e+00 2.047708333538364229e+02
2.899321550649515800e+00 2.075130372891993829e+03
3.807794088723973402e+00 1.529748585977596122e+03
-8.152475697434331536e+00 -7.823036265933425284e+02
1.081750156501687599e+00 4.141819660007068364e+02
-1.011824071282056536e+00 9.347322984816798908e+01
-9.625530074557515192e+00 -1.264693019208946453e+03
8.030150106402501820e+00 3.034306683745659257e+02
1.242671082125021087e+00 5.224473107329345112e+02
5.380710517081626065e+00 2.339703871157361732e+02
-9.786943847842771049e+00 -1.326143564082256034e+03
-9.524498697700636285e-01 9.445828314903273792e+01
8.452448681050981349e+00 3.551095085267945706e+02
-3.715896502789206579e-01 1.056878733748664700e+02
-1.710725505346795572e+00 7.868014962530412504e+01
-8.180836908119628603e+00 -7.903227472757480427e+02
-8.568948084236740925e+00 -9.048943523394756312e+02
-3.655240843526081918e+00 -1.929605779748342087e+01
9.562019242632036509e+00 5.266775306595021675e+02
-6.639515655617529433e-01 9.927099962451079307e+01
-6.826550009836451771e+00 -4.579648912951766988e+02
-4.320359612847221698e+00 -7.828959892228630224e+01
5.939699907629087505e+00 1.656677112552718825e+02
2.904650022843622281e+00 2.076155214501145110e+03
-5.515671734106688540e+00 -2.254301112990580407e+02
5.008198666398220311e+00 3.714733701542200492e+02
8.254327561539934521e+00 3.299864558577867228e+02
-7.240114468202367703e-01 9.822344313780271818e+01
8.481029789581139511e+00 3.588646742365222622e+02
-2.794124924155630296e+00 3.635619922719669717e+01
-3.713317409897971544e-01 1.056951124739264856e+02
-5.962264811187186098e+00 -2.956554500807397972e+02
5.148465536626677164e+00 3.080132742890218651e+02
4.837870956821333834e+00 4.704940613853081572e+02
-7.709595717880127097e+00 -6.631408446037667090e+02
7.823596591640686881e-01 2.692477549841800055e+02
9.408707259967712844e+00 4.996841073077875990e+02
7.834249588111326545e+00 2.818044791329995178e+02
1.100583655437571196e+00 4.256911272996305229e+02
5.871167697231225446e+00 1.683313869986307338e+02
-3.007692902454095929e+00 2.455301175701626093e+01
4.941564052937829743e+00 4.072226924624029607e+02
3.427828471626966689e+00 1.910043484690633250e+03
7.968960062121865917e-02 1.281773020849681757e+02
4.836824232303964521e+00 4.711813788215459908e+02
9.293700320817183780e+00 4.801529062939017081e+02
-8.562273507767244496e+00 -9.028468246605332297e+02
5.558219949783826053e+00 1.986461832767460010e+02
7.630492072217919031e+00 2.608335039055996845e+02
-1.906618551457917476e+00 7.299831775343771767e+01
1.335526281355630118e-01 1.329194421995716482e+02
-8.257026758622256324e+00 -8.121011048843568005e+02
1.429339677025078359e+00 6.766847385772213102e+02
9.809515018904011896e+00 5.726127205132671634e+02
9.188077221811731476e+00 4.627487616143191076e+02
-7.202006033982129019e+00 -5.401065259366529290e+02
-2.767841698875141532e+00 3.772324892917521311e+01
6.730283131473939306e+00 1.870093510594477948e+02
-8.842304799061853515e+00 -9.911216502024285546e+02
3.511199538048998647e+00 1.840184289051481983e+03
-8.098155862758606105e+00 -7.670768988513859767e+02
6.070492996479114112e+00 1.634574209387828319e+02
4.821895124543683409e+00 4.810915668642325045e+02
-4.807087578725859345e+00 -1.314301596901985647e+02
-6.608841799084313351e+00 -4.136457863340099266e+02
9.278677502810467104e+00 4.776465286651508109e+02
5.054860867668535818e+00 3.486353408029622187e+02
3.395276411827481411e+00 1.934599872125024376e+03
2.418120170162351812e+00 1.775845651363547631e+03
1.575906768541099012e+00 8.185871932605575694e+02
-2.621486180211325845e+00 4.500248903379978316e+01
-9.714202114143773770e+00 -1.298230518781593673e+03
-2.341869425296621010e+00 5.739400369362673615e+01
-5.782312494051518037e+00 -2.662904163074337589e+02
-8.741981925066262704e+00 -9.589351323142195724e+02
7.400118280031307449e+00 2.389597747890969401e+02
2.762030782381776461e+00 2.029853838472836060e+03
1.151116430539644853e+00 4.580775145562731723e+02
-3.664714262061476546e+00 -2.003295815609986619e+01
-3.356702057916911563e+00 2.484589518481068904e+00
-6.899523361085697637e+00 -4.733575627784063045e+02
-7.886422505037873343e+00 -7.093659743164849942e+02
2.818253966151985423e+00 2.052729270855350933e+03
1.932805619152359711e+00 1.222145522351400359e+03
-5.977601918405303749e+00 -2.982262514773196358e+02
5.204483273518757613e+00 2.868392329781179342e+02
-4.728758494907847165e+00 -1.222750536723095962e+02
-6.620307708489274745e-01 9.930535814398700722e+01
-6.731462270966455108e+00 -4.383143354502794864e+02
-2.647508266498375562e+00 4.374904915854772014e+01
6.844304119799193842e-01 2.356614911777601549e+02
-7.847081634415138396e+00 -6.989278471176758103e+02
5.190786096263863669e+00 2.918086804614965786e+02
9.144601939821157544e-01 3.247737925317535996e+02
-8.762410442334530813e+00 -9.654380376279802931e+02
8.697169262768493780e-01 3.045656684853282741e+02
9.472138636760618624e+00 5.107187260289935011e+02
-5.887051624431478558e-01 1.006691182774191020e+02
3.110800497199130987e+00 2.072589718766407714e+03
2.932876470163472860e+00 2.080651469872832877e+03
2.489266169616847435e+00 1.842377116507003393e+03
8.232370222751740130e+00 3.272985747684668354e+02
-1.882724901385401495e+00 7.373370847593703559e+01
-9.854616201904697448e+00 -1.352437799772787912e+03
7.885606985116154988e+00 2.873338411146153248e+02
4.062817202939154271e+00 1.225552023259759835e+03
6.430952583496658548e+00 1.711687764570576178e+02
9.814190017895896290e-02 1.297320803867204972e+02
9.108766689249563342e+00 4.500116368811749226e+02
8.362649423023000850e+00 3.435269944068693917e+02
-2.045089949607874047e+00 6.849551871687589255e+01
-8.187622668171158580e+00 -7.922484588564642536e+02
-8.750879657431099190e+00 -9.617642951807008558e+02
5.267366960684460864e+00 2.656836795120605075e+02
-4.730972794796628023e+00 -1.225306138715712336e+02
-1.919079657930939931e-01 1.118820594495771275e+02
-3.318608892825071877e+00 5.067183217186548738e+00
1.958483369295056065e+00 1.253019996712082047e+03
9.681012956657916391e+00 5.483949652359693800e+02
8.316512394443037692e+00 3.377024870904194245e+02
-6.772929896670230043e+00 -4.468275911781805689e+02
3.993992197466262439e+00 1.308295246697066659e+03
4.601769610945030564e+00 6.506702323808842721e+02
-9.963191213146288305e+00 -1.395287047637560136e+03
-9.677953853194104283e+00 -1.284456074750260768e+03
-3.850498001054201147e+00 -3.507094487916513970e+01
9.961805103284476104e+00 6.023592413527151166e+02
