0.000000000000000000e+00 -1.053452895903973507e+00 -1.099370400435116801e+00 -1.059266872741211341e+00 -1.102462526498437789e+00 -9.343561741382804264e-01 -1.009171939751095870e+00 -1.054912760514508108e+00 -1.022306588498158364e+00 -9.432260542060446618e-01 -1.040599750792388312e+00
5.263157894736840703e-01 -1.101590826224346120e+00 -9.043113306827411657e-01 -9.888141267512584598e-01 -9.110689144362172920e-01 -1.024229684903159354e+00 -9.584926638429470680e-01 -9.770015600898454000e-01 -9.728338593237977339e-01 -9.935057750686818734e-01 -1.079501365768654297e+00
1.052631578947368141e+00 -9.134711666810327868e-01 -1.036171005136627077e+00 -1.057889443674305596e+00 -1.106196000509761079e+00 -1.134917837487940950e+00 -8.999360986782963812e-01 -1.022857695254048904e+00 -1.093011647146088006e+00 -1.088925877003324771e+00 -8.970484012945586505e-01
1.578947368421052655e+00 -8.641177611050250285e-01 -1.106856889819024747e+00 -9.066517954024714276e-01 -1.270138799743922853e+00 -1.024910548963211543e+00 -1.227183238667261200e+00 -7.966341165438820537e-01 -1.207866619312959466e+00 -9.315344717022079335e-01 -8.107818191281781495e-01
2.105263157894736725e+00 -5.383531906413654422e-01 -7.694750407327021202e-01 -1.302255926050008394e+00 -1.231129587648783774e+00 -1.142493195886063351e+00 -1.120455598469058955e+00 -1.067642055048130034e+00 -1.372548562865793409e+00 -1.194742169130391662e+00 -1.409025190642862801e+00
2.631578947368420796e+00 -9.614872167282525472e-01 -6.688184068265436988e-01 -1.066248723551966648e+00 -1.454714139268433515e+00 -1.498040990200411704e+00 -1.543918564609441768e+00 -1.025148148796762415e+00 -3.591522298047967743e-01 -6.490615211415651231e-01 -1.039866868785411791e+00
3.157894736842105310e+00 -1.234647215044201385e+00 -1.669265528244537222e+00 -1.476157718061477553e+00 -9.951829803401956998e-01 -7.332588406533804282e-01 -1.373891554440377583e+00 -1.564069152214958347e+00 -1.466865389447671086e+00 -8.247028861403373767e-01 -8.642063455206776545e-01
3.684210526315789380e+00 -7.372152992139494598e-01 -1.399063308888689239e+00 -1.325702394346409907e+00 -5.217210809821296591e-01 -1.141052789715416571e+00 -1.005345026677089582e+00 -1.127184651885910105e+00 -3.937313756677860432e-01 -1.233948873115727096e+00 -7.405983028786070621e-01
4.210526315789473450e+00 -9.579150706664143478e-01 -1.046695938135720372e+00 -1.023506141870165642e+00 -6.181050602764763813e-01 -7.561761178390120630e-01 -1.063942657882903653e+00 -6.236371345971993829e-01 -6.664410194218681749e-01 -9.407915188955694452e-01 -6.510428171981388346e-01
4.736842105263157521e+00 -2.878633840012405076e-01 -2.896088203214891021e-01 -1.654172914331020761e-01 -1.650038765724110568e-01 -2.672908816176335911e-01 -1.625050594495538459e-01 -4.031653079677935958e-01 -1.402094781337483442e-01 -5.096461821007295390e-01 -4.802014890774598532e-01
5.263157894736841591e+00 3.527760799610992759e-01 4.251736908569838103e-01 2.020041622324600938e-01 1.921715840956464694e-01 1.769614624394726110e-01 3.175424225991714811e-01 2.405570723613919271e-01 3.592342474175719835e-01 2.541500013305472705e-01 1.916621540800191037e-01
5.789473684210525661e+00 8.189125363804266033e-01 7.851397199814872385e-01 6.917765547894988432e-01 6.432292910676059572e-01 6.286270704265790599e-01 7.681707256410644780e-01 7.949142790681094084e-01 8.116017837796114520e-01 8.443314333108197234e-01 7.660125174927138181e-01
6.315789473684210620e+00 9.192296333225311589e-01 8.433427320876909494e-01 8.867114729795078087e-01 9.171903123226354815e-01 8.775680449335285793e-01 1.034931907451908550e+00 9.806105553430636279e-01 8.691887892533242121e-01 8.369044093474699020e-01 8.398768381865486798e-01
6.842105263157894690e+00 1.063865279404431208e+00 1.015409224851393066e+00 9.865691728778465119e-01 9.139901494198545695e-01 9.615706075624940175e-01 9.486079164850012013e-01 1.048076311624128287e+00 9.759312434306651740e-01 1.037404870856898809e+00 1.071276006613614218e+00
7.368421052631578760e+00 9.654706435525778341e-01 1.028858488302660579e+00 9.280304596250336102e-01 1.004106754563600878e+00 1.032268290948582301e+00 9.351477276438986408e-01 9.455177824701992417e-01 8.999737932858764555e-01 1.067729421091790476e+00 1.074809229724682291e+00
7.894736842105262831e+00 9.716294635510293043e-01 1.051450651352294319e+00 9.065808554049158419e-01 1.037423584220985129e+00 1.012519029075686472e+00 1.082053598305412034e+00 9.324135585285500127e-01 1.022750752257547413e+00 9.626425500802689994e-01 1.035160699142003038e+00
8.421052631578946901e+00 9.803276068206311367e-01 9.352445430020197570e-01 9.394360769808682843e-01 1.021425955847644618e+00 1.087233821038559256e+00 9.624195406536877329e-01 1.089429601251408419e+00 9.520920219116979499e-01 1.079414025206477001e+00 9.738290121710145852e-01
8.947368421052631859e+00 1.085885725190164131e+00 1.012856483881049208e+00 9.105762729699002911e-01 1.066926900020490399e+00 1.078147137544525069e+00 1.063651119823102231e+00 9.054267835678786458e-01 1.035316889890772529e+00 9.010487312906989565e-01 1.051494688916468911e+00
9.473684210526315042e+00 1.087656107541150163e+00 9.290389142336229478e-01 1.030694539096023599e+00 9.480261845747264271e-01 9.397659518749785779e-01 9.815560336940716279e-01 9.950411483552102920e-01 1.080504103971792196e+00 1.015575903120280232e+00 1.053086827570531847e+00
1.000000000000000000e+01 9.766911853508519759e-01 9.294399124480783314e-01 9.393379840182985996e-01 1.035240687216332445e+00 9.416083715517723496e-01 9.072310169370357835e-01 9.973306972355980848e-01 1.019835567208891458e+00 9.635002693594058032e-01 9.725861793499389618e-01
