2.100000000000000089e+00 3.225806451612903136e-01 4.525608445964402482e-01 1.000000000000000000e+00
2.179797979797979846e+00 3.144853875476493199e-01 4.627270665634632962e-01 1.000000000000000000e+00
2.259595959595959602e+00 3.067864889990703503e-01 4.726412995693304309e-01 1.000000000000000000e+00
2.339393939393939359e+00 2.994555353901996453e-01 4.823157341009335353e-01 1.000000000000000000e+00
2.419191919191919116e+00 2.924667651403249913e-01 4.917616968870959226e-01 1.000000000000000000e+00
2.498989898989899316e+00 2.857967667436489556e-01 5.009897306214761148e-01 1.000000000000000000e+00
2.578787878787879073e+00 2.794242167654529818e-01 5.100096646947346324e-01 1.000000000000000000e+00
2.658585858585858830e+00 2.733296521258972711e-01 5.188306781258893441e-01 1.000000000000000000e+00
2.738383838383838587e+00 2.674952715482302179e-01 5.274613557030082278e-01 1.000000000000000000e+00
2.818181818181818343e+00 2.619047619047619180e-01 5.359097381939991189e-01 1.000000000000000000e+00
2.897979797979798100e+00 2.565431458927183161e-01 5.441833673635932955e-01 1.000000000000000000e+00
2.977777777777777857e+00 2.513966480446927498e-01 5.522893264281740766e-01 1.000000000000000000e+00
3.057575757575757613e+00 2.464525765496639320e-01 5.602342764922586538e-01 0.000000000000000000e+00
3.137373737373737370e+00 2.416992187500000000e-01 5.680244894362832531e-01 0.000000000000000000e+00
3.217171717171717127e+00 2.371257485029940049e-01 5.756658776625280804e-01 0.000000000000000000e+00
3.296969696969696884e+00 2.327221438645980245e-01 5.831640210526187751e-01 0.000000000000000000e+00
3.376767676767676640e+00 2.284791137779829395e-01 5.905241914445095164e-01 0.000000000000000000e+00
3.456565656565656397e+00 2.243880326382592938e-01 5.977513748979029762e-01 0.000000000000000000e+00
3.536363636363636154e+00 2.204408817635270523e-01 6.048502919836409308e-01 0.000000000000000000e+00
3.616161616161616355e+00 2.166301969365426738e-01 6.118254163038459037e-01 0.000000000000000000e+00
3.695959595959596111e+00 2.129490212949020911e-01 6.186809914247797249e-01 0.000000000000000000e+00
3.775757575757575868e+00 2.093908629441624536e-01 6.254210463829193989e-01 0.000000000000000000e+00
3.855555555555555625e+00 2.059496567505720577e-01 6.320494099061300108e-01 0.000000000000000000e+00
3.935353535353535381e+00 2.026197298403602243e-01 6.385697234756200213e-01 0.000000000000000000e+00
4.015151515151515582e+00 1.993957703927492220e-01 6.449854533402550327e-01 1.000000000000000000e+00
4.094949494949495339e+00 1.962727993655828673e-01 6.512999015824698645e-01 1.000000000000000000e+00
4.174747474747475096e+00 1.932461448370095536e-01 6.575162163242266322e-01 1.000000000000000000e+00
4.254545454545454852e+00 1.903114186851211087e-01 6.636374011519845517e-01 1.000000000000000000e+00
4.334343434343434609e+00 1.874644953607271236e-01 6.696663238313190769e-01 1.000000000000000000e+00
4.414141414141414366e+00 1.847014925373134386e-01 6.756057243744848506e-01 1.000000000000000000e+00
4.493939393939394122e+00 1.820187534473248769e-01 6.814582225177300279e-01 1.000000000000000000e+00
4.573737373737373879e+00 1.794128307357738261e-01 6.872263246594383368e-01 1.000000000000000000e+00
4.653535353535353636e+00 1.768804716812578115e-01 6.929124303050896438e-01 1.000000000000000000e+00
4.733333333333333393e+00 1.744186046511627952e-01 6.985188380605190650e-01 1.000000000000000000e+00
4.813131313131313149e+00 1.720243266724587328e-01 7.040477512109389879e-01 1.000000000000000000e+00
4.892929292929292906e+00 1.696948920123414473e-01 7.095012829196124526e-01 1.000000000000000000e+00
4.972727272727272663e+00 1.674277016742770074e-01 7.148814610768776667e-01 1.000000000000000000e+00
5.052525252525252419e+00 1.652202937249666326e-01 7.201902328273679377e-01 0.000000000000000000e+00
5.132323232323232176e+00 1.630703343765442237e-01 7.254294688007193459e-01 0.000000000000000000e+00
5.212121212121212821e+00 1.609756097560975374e-01 7.306009670687712010e-01 0.000000000000000000e+00
5.291919191919191690e+00 1.589340183014930352e-01 7.357064568502039714e-01 0.000000000000000000e+00
5.371717171717172334e+00 1.569435637285985785e-01 7.407476019817174073e-01 0.000000000000000000e+00
5.451515151515151203e+00 1.550023485204321261e-01 7.457260041731814670e-01 0.000000000000000000e+00
5.531313131313131848e+00 1.531085678935972527e-01 7.506432060626970770e-01 0.000000000000000000e+00
5.611111111111110716e+00 1.512605042016806900e-01 7.555006940861458409e-01 0.000000000000000000e+00
5.690909090909091361e+00 1.494565217391304324e-01 7.602999011745840141e-01 0.000000000000000000e+00
5.770707070707070230e+00 1.476950619125764752e-01 7.650422092917288364e-01 0.000000000000000000e+00
5.850505050505050875e+00 1.459746387496313746e-01 7.697289518227793392e-01 0.000000000000000000e+00
5.930303030303029743e+00 1.442938347179711644e-01 7.743614158249021440e-01 0.000000000000000000e+00
6.010101010101010388e+00 1.426512968299711859e-01 7.789408441488858692e-01 1.000000000000000000e+00
6.089898989898990145e+00 1.410457330104003260e-01 7.834684374407143714e-01 1.000000000000000000e+00
6.169696969696969902e+00 1.394759087066779202e-01 7.879453560311224791e-01 1.000000000000000000e+00
6.249494949494948770e+00 1.379406437230040472e-01 7.923727217205744910e-01 1.000000000000000000e+00
6.329292929292929415e+00 1.364388092613010028e-01 7.967516194665347218e-01 1.000000000000000000e+00
6.409090909090910060e+00 1.349693251533742033e-01 8.010830989793786827e-01 1.000000000000000000e+00
6.488888888888888928e+00 1.335311572700296767e-01 8.053681762328167570e-01 1.000000000000000000e+00
6.568686868686869573e+00 1.321233150940878120e-01 8.096078348942701286e-01 1.000000000000000000e+00
6.648484848484848442e+00 1.307448494453248844e-01 8.138030276802311613e-01 1.000000000000000000e+00
6.728282828282829087e+00 1.293948503463599464e-01 8.179546776412864872e-01 1.000000000000000000e+00
6.808080808080807955e+00 1.280724450194049291e-01 8.220636793811328946e-01 1.000000000000000000e+00
6.887878787878788600e+00 1.267767960046100595e-01 8.261309002136159041e-01 1.000000000000000000e+00
6.967676767676767469e+00 1.255070993914807198e-01 8.301571812615342605e-01 1.000000000000000000e+00
7.047474747474748114e+00 1.242625831555164984e-01 8.341433385006922219e-01 0.000000000000000000e+00
7.127272727272726982e+00 1.230425055928411615e-01 8.380901637524391656e-01 0.000000000000000000e+00
7.207070707070707627e+00 1.218461538461538402e-01 8.419984256277210921e-01 0.000000000000000000e+00
7.286868686868686495e+00 1.206728425158459378e-01 8.458688704254543334e-01 0.000000000000000000e+00
7.366666666666667140e+00 1.195219123505976005e-01 8.497022229878513633e-01 0.000000000000000000e+00
7.446464646464646009e+00 1.183927290121980502e-01 8.534991875151499707e-01 0.000000000000000000e+00
7.526262626262626654e+00 1.172846819097263238e-01 8.572604483420336319e-01 0.000000000000000000e+00
7.606060606060605522e+00 1.161971830985915610e-01 8.609866706778902534e-01 0.000000000000000000e+00
7.685858585858586167e+00 1.151296662402604976e-01 8.646785013129043573e-01 0.000000000000000000e+00
7.765656565656565036e+00 1.140815856188061861e-01 8.683365692918642020e-01 0.000000000000000000e+00
7.845454545454545681e+00 1.130524152106885949e-01 8.719614865574355500e-01 0.000000000000000000e+00
7.925252525252524549e+00 1.120416478044364006e-01 8.755538485645487645e-01 0.000000000000000000e+00
8.005050505050505194e+00 1.110487941671340351e-01 8.791142348674421125e-01 1.000000000000000000e+00
8.084848484848485839e+00 1.100733822548365520e-01 8.826432096808070060e-01 1.000000000000000000e+00
8.164646464646464707e+00 1.091149564642345388e-01 8.861413224163973146e-01 1.000000000000000000e+00
8.244444444444445352e+00 1.081730769230769135e-01 8.896091081963775071e-01 1.000000000000000000e+00
8.324242424242424221e+00 1.072473188170295771e-01 8.930470883446064434e-01 1.000000000000000000e+00
8.404040404040404866e+00 1.063372717508055815e-01 8.964557708569909078e-01 1.000000000000000000e+00
8.483838383838383734e+00 1.054425391415486218e-01 8.998356508519647079e-01 1.000000000000000000e+00
8.563636363636364379e+00 1.045627376425855432e-01 9.031872110020955358e-01 1.000000000000000000e+00
8.643434343434343248e+00 1.036974965957892514e-01 9.065109219477589519e-01 1.000000000000000000e+00
8.723232323232323893e+00 1.028464575109079571e-01 9.098072426937676704e-01 1.000000000000000000e+00
8.803030303030302761e+00 1.020092735703245768e-01 9.130766209897899222e-01 1.000000000000000000e+00
8.882828282828283406e+00 1.011856091578086647e-01 9.163194936953491521e-01 1.000000000000000000e+00
8.962626262626262275e+00 1.003751394099158534e-01 9.195362871301432373e-01 1.000000000000000000e+00
9.042424242424242919e+00 9.957754978877489394e-02 9.227274174103928805e-01 0.000000000000000000e+00
9.122222222222221788e+00 9.879253567508233802e-02 9.258932907718773198e-01 0.000000000000000000e+00
9.202020202020202433e+00 9.801980198019800972e-02 9.290343038802861830e-01 0.000000000000000000e+00
9.281818181818181301e+00 9.725906277630416708e-02 9.321508441294816816e-01 0.000000000000000000e+00
9.361616161616161946e+00 9.651004094365372987e-02 9.352432899282312473e-01 0.000000000000000000e+00
9.441414141414140815e+00 9.577246783399440133e-02 9.383120109759396366e-01 0.000000000000000000e+00
9.521212121212121460e+00 9.504608294930874668e-02 9.413573685278858738e-01 0.000000000000000000e+00
9.601010101010100328e+00 9.433063363506431764e-02 9.443797156504389889e-01 0.000000000000000000e+00
9.680808080808080973e+00 9.362587478721391687e-02 9.473793974667039652e-01 0.000000000000000000e+00
9.760606060606059842e+00 9.293156857223318357e-02 9.503567513930247790e-01 0.000000000000000000e+00
9.840404040404040487e+00 9.224748415952292724e-02 9.533121073667516487e-01 0.000000000000000000e+00
9.920202020202021131e+00 9.157339746554434001e-02 9.562457880656543008e-01 0.000000000000000000e+00
1.000000000000000000e+01 9.090909090909091161e-02 9.591581091193482900e-01 0.000000000000000000e+00
