-1.000000000000000000e+00 7.499617405499158229e-01
-9.797979797979797789e-01 7.111812795278532606e-01
-9.595959595959595578e-01 6.728026588732726188e-01
-9.393939393939394478e-01 6.349212577420658699e-01
-9.191919191919192267e-01 5.976316856210112105e-01
-8.989898989898990056e-01 5.610274013687621686e-01
-8.787878787878787845e-01 5.252003368900090008e-01
-8.585858585858585634e-01 4.902405269581451841e-01
-8.383838383838383423e-01 4.562357466770126657e-01
-8.181818181818181213e-01 4.232711580415377539e-01
-7.979797979797980112e-01 3.914289670204357807e-01
-7.777777777777777901e-01 3.607880925417880080e-01
-7.575757575757575690e-01 3.314238487143735812e-01
-7.373737373737373479e-01 3.034076415643338631e-01
-7.171717171717171269e-01 2.768066815083082832e-01
-6.969696969696970168e-01 2.516837127208077507e-01
-6.767676767676766847e-01 2.280967604855687614e-01
-6.565656565656565746e-01 2.060988975482164198e-01
-6.363636363636363535e-01 1.857380304110479718e-01
-6.161616161616161325e-01 1.670567064304579186e-01
-5.959595959595959114e-01 1.500919424937495750e-01
-5.757575757575756903e-01 1.348750759651953790e-01
-5.555555555555555802e-01 1.214316385015310057e-01
-5.353535353535352481e-01 1.097812532449846806e-01
-5.151515151515151381e-01 9.993755580781024661e-02
-4.949494949494949170e-01 9.190813936648792315e-02
-4.747474747474746959e-01 8.569452408668366827e-02
-4.545454545454544748e-01 8.129215100207792810e-02
-4.343434343434342537e-01 7.869040037171430579e-02
-4.141414141414141437e-01 7.787263444194797435e-02
-3.939393939393939226e-01 7.881626444080756799e-02
-3.737373737373737015e-01 8.149284153500731265e-02
-3.535353535353534804e-01 8.586817138335782473e-02
-3.333333333333332593e-01 9.190245182530931700e-02
-3.131313131313130382e-01 9.955043315020432881e-02
-2.929292929292928171e-01 1.087616003018919558e-01
-2.727272727272727071e-01 1.194803762850296797e-01
-2.525252525252524860e-01 1.316463459540286873e-01
-2.323232323232322649e-01 1.451944992835214054e-01
-2.121212121212120438e-01 1.600554931407890125e-01
-1.919191919191918227e-01 1.761559305060827751e-01
-1.717171717171716017e-01 1.934186560165171154e-01
-1.515151515151514916e-01 2.117630666434850983e-01
-1.313131313131312705e-01 2.311054362526060169e-01
-1.111111111111110494e-01 2.513592527393175291e-01
-9.090909090909082835e-02 2.724355663825874796e-01
-7.070707070707060726e-02 2.942433480140457802e-01
-5.050505050505038618e-02 3.166898555603173682e-01
-3.030303030303027612e-02 3.396810074826189796e-01
-1.010101010101005503e-02 3.631217616099107759e-01
1.010101010101016605e-02 3.869164978401735677e-01
3.030303030303049816e-02 4.109694031688122529e-01
5.050505050505060822e-02 4.351848574938073089e-01
7.070707070707071829e-02 4.594678186441189527e-01
9.090909090909105039e-02 4.837242050809643090e-01
1.111111111111111605e-01 5.078612747309677600e-01
1.313131313131314926e-01 5.317879984257598558e-01
1.515151515151516026e-01 5.554154264443077471e-01
1.717171717171717127e-01 5.786570466820495362e-01
1.919191919191920448e-01 6.014291330046046546e-01
2.121212121212121549e-01 6.236510823833656403e-01
2.323232323232324870e-01 6.452457394554473868e-01
2.525252525252525970e-01 6.661397072011007170e-01
2.727272727272729291e-01 6.862636424876074059e-01
2.929292929292930392e-01 7.055525352895992697e-01
3.131313131313131493e-01 7.239459704614877866e-01
3.333333333333334814e-01 7.413883710079306466e-01
3.535353535353535914e-01 7.578292218727764595e-01
3.737373737373739235e-01 7.732232733453682227e-01
3.939393939393940336e-01 7.875307232651559408e-01
4.141414141414143657e-01 8.007173772909502718e-01
4.343434343434344758e-01 8.127547865894652057e-01
4.545454545454545858e-01 8.236203623887295988e-01
4.747474747474749179e-01 8.332974669350988739e-01
4.949494949494950280e-01 8.417754804876161900e-01
5.151515151515153601e-01 8.490498440799622015e-01
5.353535353535354702e-01 8.551220778778026999e-01
5.555555555555555802e-01 8.599997750576182654e-01
5.757575757575759123e-01 8.636965712316623245e-01
5.959595959595960224e-01 8.662320895421633526e-01
6.161616161616163545e-01 8.676318616458570387e-01
6.363636363636364646e-01 8.679272249070155709e-01
6.565656565656567967e-01 8.671551962129424584e-01
6.767676767676769067e-01 8.653583229200322302e-01
6.969696969696970168e-01 8.625845115305823541e-01
7.171717171717173489e-01 8.588868347902173239e-01
7.373737373737374590e-01 8.543233179826743573e-01
7.575757575757577911e-01 8.489567052824635862e-01
7.777777777777779011e-01 8.428542071062251617e-01
7.979797979797982332e-01 8.360872294800998361e-01
8.181818181818183433e-01 8.287310865128670878e-01
8.383838383838384534e-01 8.208646971326083452e-01
8.585858585858587855e-01 8.125702673080384963e-01
8.787878787878788955e-01 8.039329590340842380e-01
8.989898989898992276e-01 7.950405474145871842e-01
9.191919191919193377e-01 7.859830672229413118e-01
9.393939393939394478e-01 7.768524503638364331e-01
9.595959595959597799e-01 7.677421556959259652e-01
9.797979797979798899e-01 7.587467927059885486e-01
1.000000000000000000e+00 7.499617405499158229e-01
