-1.000000000000000000e+01 1.928749847963917821e-22 3.726653172078670938e-06 3.865920139472804086e-03 4.393693362340742037e-02
-9.797979797979797567e+00 1.424873292274135662e-21 6.143898913085794623e-06 4.827840528918310968e-03 4.978643339756905206e-02
-9.595959595959595134e+00 1.010536700384235816e-20 1.002623830292383687e-05 6.001828281255936794e-03 5.627098348491638147e-02
-9.393939393939394478e+00 6.880237635399095150e-20 1.619574236690905477e-05 7.427537044455144108e-03 6.343810697065674353e-02
-9.191919191919192045e+00 4.497076646226532867e-19 2.589599320213993198e-05 9.150328777470614905e-03 7.133589971506010263e-02
-8.989898989898989612e+00 2.821841679429487871e-18 4.098577588560501310e-05 1.122171365635158714e-02 8.001258291265006539e-02
-8.787878787878787179e+00 1.699849615491794953e-17 6.420999340897707620e-05 1.369973851532581971e-02 8.951599767506078498e-02
-8.585858585858586522e+00 9.830234139222401599e-17 9.957285635767414590e-05 1.664930022412336452e-02 9.989304261350592795e-02
-8.383838383838384090e+00 5.457487203824938798e-16 1.528439249197481586e-04 2.014235764149407276e-02 1.111890565923688845e-01
-8.181818181818181657e+00 2.908687692656549801e-15 2.322331822783691400e-04 2.425801345428228034e-02 1.234471501193554616e-01
-7.979797979797979224e+00 1.488253675492886095e-14 3.492763990689531570e-04 2.908243551210371383e-02 1.367074902104401801e-01
-7.777777777777777679e+00 7.310251818545068493e-14 5.199757432558549690e-04 3.470858641285384794e-02 1.510065449955090566e-01
-7.575757575757576134e+00 3.447174071220708991e-13 7.662417359485211707e-04 4.123573030098344472e-02 1.663762957849727886e-01
-7.373737373737373701e+00 1.560520918290312978e-12 1.117679791570163478e-03 4.876868731847165683e-02 1.828434257665781937e-01
-7.171717171717171269e+00 6.781901503515819383e-12 1.613755998183623351e-03 5.741680908733366034e-02 2.004284959097100416e-01
-6.969696969696969724e+00 2.829494569154868463e-11 2.306360631159768901e-03 6.729265315745665277e-02 2.191451199834484609e-01
-6.767676767676768179e+00 1.133291821352191541e-10 3.262762323259228193e-03 7.851034063008545394e-02 2.389991518044580210e-01
-6.565656565656565746e+00 4.357627948771011177e-10 4.568909302285952684e-03 9.118358920617325447e-02 2.599878988804749658e-01
-6.363636363636363313e+00 1.608548070663497780e-09 6.332985753131171319e-03 1.054234236719777673e-01 2.820993774639842244e-01
-6.161616161616161769e+00 5.700243968419607187e-09 8.689071299957690231e-03 1.213355771926723919e-01 3.053116246393247635e-01
-5.959595959595959336e+00 1.939225648500559769e-08 1.180068143789161569e-02 1.390176095094326492e-01 3.295920833983326803e-01
-5.757575757575757791e+00 6.333426759188426216e-08 1.586388993970375139e-02 1.585557818930969920e-01 3.548970766821729073e-01
-5.555555555555555358e+00 1.985750415012097828e-07 2.110965645367106000e-02 1.800217430610232261e-01 3.811713860529925002e-01
-5.353535353535353813e+00 5.977038792886568650e-07 2.780491159827197176e-02 2.034690946792609145e-01 4.083479499878239771e-01
-5.151515151515151381e+00 1.727121897092310785e-06 3.625189785119163621e-02 2.289299189325255113e-01 4.363476957459121452e-01
-4.949494949494949836e+00 4.791101917752641958e-06 4.678523899568960698e-02 2.564113632696938816e-01 4.650795173451582332e-01
-4.747474747474747403e+00 1.275919666962797185e-05 5.976622602660905392e-02 2.858923881068972106e-01 4.944404103991227317e-01
-4.545454545454545858e+00 3.262021034666122768e-05 7.557387471306077631e-02 3.173207912750152793e-01 5.243157724284692733e-01
-4.343434343434343425e+00 8.006186194003402741e-05 9.459243854190493850e-02 3.506106276492680918e-01 5.545798747958105013e-01
-4.141414141414141881e+00 1.886427496032323922e-04 1.171952553127722091e-01 3.856401430862252955e-01 5.850965096568684354e-01
-3.939393939393939448e+00 4.267072808030261417e-04 1.437250648567932887e-01 4.222503380244531646e-01 6.157198123200049444e-01
-3.737373737373737903e+00 9.266068184818457331e-04 1.744712501324434673e-01 4.602442675408983108e-01 6.462952562160911851e-01
-3.535353535353535470e+00 1.931685560178558747e-03 2.096448065879578382e-01 4.993871711480853404e-01 6.766608143653152219e-01
-3.333333333333333037e+00 3.865920139472811025e-03 2.493522087772962748e-01 5.394075072376267599e-01 7.066482778577163337e-01
-3.131313131313131493e+00 7.427537044455144108e-03 2.935696848549018689e-01 5.799989441308114335e-01 7.360847185161762951e-01
-2.929292929292929060e+00 1.369973851532581971e-02 3.421196897208599319e-01 6.208233327384807820e-01 7.647940796638765804e-01
-2.727272727272727515e+00 2.425801345428225952e-02 3.946515457334269783e-01 6.615146556493746166e-01 7.925988758537416690e-01
-2.525252525252525082e+00 4.123573030098350023e-02 4.506282586641749410e-01 7.016839150659774926e-01 8.193219796150981171e-01
-2.323232323232323537e+00 6.729265315745659726e-02 5.093213867849897269e-01 7.409248885809974761e-01 8.447884708093512662e-01
-2.121212121212121104e+00 1.054234236719777673e-01 5.698155267038087501e-01 7.788206486646052085e-01 8.688275221330392650e-01
-1.919191919191918672e+00 1.585557818930972140e-01 6.310234822213525163e-01 8.149507103200269720e-01 8.912742927263699322e-01
-1.717171717171718015e+00 2.289299189325251505e-01 6.917125234067427186e-01 8.488986430831708674e-01 9.119718007916378655e-01
-1.515151515151515582e+00 3.173207912750152238e-01 7.505413639532210190e-01 8.802599597515597951e-01 9.307727456402077326e-01
-1.313131313131313149e+00 4.222503380244531646e-01 8.061066455172727352e-01 9.086500761580806884e-01 9.475412496972264176e-01
-1.111111111111110716e+00 5.394075072376268709e-01 8.569968914352790179e-01 9.337121249837848636e-01 9.621544917134581265e-01
-9.090909090909100598e-01 6.615146556493740615e-01 9.018511586452824247e-01 9.551244027959474581e-01 9.745042037618817377e-01
-7.070707070707076269e-01 7.788206486646048754e-01 9.394190533760337081e-01 9.726072336543869490e-01 9.844980065155696236e-01
-5.050505050505051940e-01 8.802599597515597951e-01 9.686184495178941090e-01 9.859290448538899909e-01 9.920605597799377895e-01
-3.030303030303027612e-01 9.551244027959475691e-01 9.885872051667915494e-01 9.949114704013271027e-01 9.971345082389699854e-01
-1.010101010101003283e-01 9.949114704013271027e-01 9.987254328882498866e-01 9.994333250372688937e-01 9.996812058098553111e-01
1.010101010101003283e-01 9.949114704013271027e-01 9.987254328882498866e-01 9.994333250372688937e-01 9.996812058098553111e-01
3.030303030303027612e-01 9.551244027959475691e-01 9.885872051667915494e-01 9.949114704013271027e-01 9.971345082389699854e-01
5.050505050505051940e-01 8.802599597515597951e-01 9.686184495178941090e-01 9.859290448538899909e-01 9.920605597799377895e-01
7.070707070707076269e-01 7.788206486646048754e-01 9.394190533760337081e-01 9.726072336543869490e-01 9.844980065155696236e-01
9.090909090909082835e-01 6.615146556493750607e-01 9.018511586452827578e-01 9.551244027959475691e-01 9.745042037618818487e-01
1.111111111111110716e+00 5.394075072376268709e-01 8.569968914352790179e-01 9.337121249837848636e-01 9.621544917134581265e-01
1.313131313131313149e+00 4.222503380244531646e-01 8.061066455172727352e-01 9.086500761580806884e-01 9.475412496972264176e-01
1.515151515151515582e+00 3.173207912750152238e-01 7.505413639532210190e-01 8.802599597515597951e-01 9.307727456402077326e-01
1.717171717171716239e+00 2.289299189325258166e-01 6.917125234067431627e-01 8.488986430831710894e-01 9.119718007916379765e-01
1.919191919191918672e+00 1.585557818930972140e-01 6.310234822213525163e-01 8.149507103200269720e-01 8.912742927263699322e-01
2.121212121212121104e+00 1.054234236719777673e-01 5.698155267038087501e-01 7.788206486646052085e-01 8.688275221330392650e-01
2.323232323232323537e+00 6.729265315745659726e-02 5.093213867849897269e-01 7.409248885809974761e-01 8.447884708093512662e-01
2.525252525252524194e+00 4.123573030098359044e-02 4.506282586641752186e-01 7.016839150659777147e-01 8.193219796150982281e-01
2.727272727272726627e+00 2.425801345428231157e-02 3.946515457334272003e-01 6.615146556493747276e-01 7.925988758537417800e-01
2.929292929292929060e+00 1.369973851532581971e-02 3.421196897208599319e-01 6.208233327384807820e-01 7.647940796638765804e-01
3.131313131313131493e+00 7.427537044455144108e-03 2.935696848549018689e-01 5.799989441308114335e-01 7.360847185161762951e-01
3.333333333333333925e+00 3.865920139472800617e-03 2.493522087772961082e-01 5.394075072376264268e-01 7.066482778577162227e-01
3.535353535353534582e+00 1.931685560178563951e-03 2.096448065879579770e-01 4.993871711480854514e-01 6.766608143653153329e-01
3.737373737373737015e+00 9.266068184818481183e-04 1.744712501324435783e-01 4.602442675408984774e-01 6.462952562160912962e-01
3.939393939393939448e+00 4.267072808030261417e-04 1.437250648567932887e-01 4.222503380244531646e-01 6.157198123200049444e-01
4.141414141414141881e+00 1.886427496032323922e-04 1.171952553127722091e-01 3.856401430862252955e-01 5.850965096568684354e-01
4.343434343434342537e+00 8.006186194003431201e-05 9.459243854190502176e-02 3.506106276492683138e-01 5.545798747958106123e-01
4.545454545454544970e+00 3.262021034666139709e-05 7.557387471306087345e-02 3.173207912750155013e-01 5.243157724284694954e-01
4.747474747474747403e+00 1.275919666962797185e-05 5.976622602660905392e-02 2.858923881068972106e-01 4.944404103991227317e-01
4.949494949494949836e+00 4.791101917752641958e-06 4.678523899568960698e-02 2.564113632696938816e-01 4.650795173451582332e-01
5.151515151515150492e+00 1.727121897092320102e-06 3.625189785119168479e-02 2.289299189325255668e-01 4.363476957459123118e-01
5.353535353535352925e+00 5.977038792886600414e-07 2.780491159827200645e-02 2.034690946792609700e-01 4.083479499878241437e-01
5.555555555555555358e+00 1.985750415012097828e-07 2.110965645367106000e-02 1.800217430610232261e-01 3.811713860529925002e-01
5.757575757575757791e+00 6.333426759188426216e-08 1.586388993970375139e-02 1.585557818930969920e-01 3.548970766821729073e-01
5.959595959595958448e+00 1.939225648500566717e-08 1.180068143789162610e-02 1.390176095094327047e-01 3.295920833983327358e-01
6.161616161616162657e+00 5.700243968419566655e-09 8.689071299957674618e-03 1.213355771926723919e-01 3.053116246393246525e-01
6.363636363636363313e+00 1.608548070663497780e-09 6.332985753131171319e-03 1.054234236719777673e-01 2.820993774639842244e-01
6.565656565656563970e+00 4.357627948771057706e-10 4.568909302285964827e-03 9.118358920617332386e-02 2.599878988804751323e-01
6.767676767676768179e+00 1.133291821352191541e-10 3.262762323259228193e-03 7.851034063008545394e-02 2.389991518044580210e-01
6.969696969696968836e+00 2.829494569154888496e-11 2.306360631159772804e-03 6.729265315745665277e-02 2.191451199834485719e-01
7.171717171717173045e+00 6.781901503515723256e-12 1.613755998183617497e-03 5.741680908733361177e-02 2.004284959097098473e-01
7.373737373737373701e+00 1.560520918290312978e-12 1.117679791570163478e-03 4.876868731847165683e-02 1.828434257665781937e-01
7.575757575757574358e+00 3.447174071220757963e-13 7.662417359485238812e-04 4.123573030098354186e-02 1.663762957849729274e-01
7.777777777777778567e+00 7.310251818545016744e-14 5.199757432558539932e-04 3.470858641285379936e-02 1.510065449955090011e-01
7.979797979797979224e+00 1.488253675492886095e-14 3.492763990689531570e-04 2.908243551210371383e-02 1.367074902104401801e-01
8.181818181818179880e+00 2.908687692656590821e-15 2.322331822783699532e-04 2.425801345428231157e-02 1.234471501193555726e-01
8.383838383838384090e+00 5.457487203824938798e-16 1.528439249197481586e-04 2.014235764149407276e-02 1.111890565923688845e-01
8.585858585858584746e+00 9.830234139222540883e-17 9.957285635767449826e-05 1.664930022412339575e-02 9.989304261350601122e-02
8.787878787878788955e+00 1.699849615491758900e-17 6.420999340897673739e-05 1.369973851532580757e-02 8.951599767506066008e-02
8.989898989898989612e+00 2.821841679429487871e-18 4.098577588560501310e-05 1.122171365635158714e-02 8.001258291265006539e-02
9.191919191919190268e+00 4.497076646226597386e-19 2.589599320214002685e-05 9.150328777470630517e-03 7.133589971506017202e-02
9.393939393939394478e+00 6.880237635399095150e-20 1.619574236690905477e-05 7.427537044455144108e-03 6.343810697065674353e-02
9.595959595959595134e+00 1.010536700384235816e-20 1.002623830292383687e-05 6.001828281255936794e-03 5.627098348491638147e-02
9.797979797979799343e+00 1.424873292274115349e-21 6.143898913085772600e-06 4.827840528918302294e-03 4.978643339756901043e-02
1.000000000000000000e+01 1.928749847963917821e-22 3.726653172078670938e-06 3.865920139472804086e-03 4.393693362340742037e-02
