-9.679597869695456325e+00 -1.565676811254437695e+01
-9.663465682034606985e+00 -1.582570182443314977e+01
-9.487471315602158839e+00 -1.688658265056898244e+01
-9.481768348379215894e+00 -1.733817685296126854e+01
-9.478730686496634306e+00 -1.784491223810002225e+01
-9.197556039503245628e+00 -1.506663868001158768e+01
-8.982813065809782671e+00 -1.624943651852074922e+01
-8.447313232720691900e+00 -1.465703617785188406e+01
-8.207307186359811269e+00 -1.461864599358857220e+01
-7.887662795752206080e+00 -1.131901609433764655e+01
-7.856966004380288027e+00 -1.174067638352096665e+01
-7.729125986536631743e+00 -1.267642063958282606e+01
-7.692305875999492670e+00 -1.300442613219748189e+01
-7.489479830657117532e+00 -1.272129047220717624e+01
-7.018317466880166222e+00 -1.278078822062022013e+01
-6.805338915331551775e+00 -8.993666945307136729e+00
-6.476369887504171530e+00 -8.751052935506040242e+00
-6.327407951772006101e+00 -8.546382408545035503e+00
-6.308005961645612558e+00 -1.074954304297161123e+01
-6.100697025823722086e+00 -8.540865606071859517e+00
-5.718352291333546056e+00 -9.741532539074386321e+00
-5.513767477249025717e+00 -9.875319996771711573e+00
-4.864979862132329913e+00 -6.095954675442606607e+00
-4.808750175577742425e+00 -6.058422249751540534e+00
-4.659617821065628718e+00 -7.035561592540112485e+00
-4.559337183830201035e+00 -7.059108842100582315e+00
-4.387861870186227087e+00 -4.628146248054799905e+00
-4.327929383206379654e+00 -5.577915538857491029e+00
-4.144248111989165650e+00 -5.258417911067382988e+00
-3.867037312214725020e+00 -4.764118512993942289e+00
-3.866638793968204535e+00 -6.196543212066078610e+00
-3.786325077255032756e+00 -4.660298960909234012e+00
-3.656816137529643740e+00 -2.903983956324678761e+00
-3.529957827148970662e+00 -2.947362244171706447e+00
-3.382337249336671015e+00 -3.589752153409864199e+00
-3.307161845585986359e+00 -4.464338444665863825e+00
-3.135976614068249901e+00 -1.830634824103503977e+00
-2.751227075535316313e+00 -4.026829619360614565e+00
-2.655938165229245751e+00 -1.719114045203445240e+00
-2.258150304668256059e+00 -2.048241836767497936e+00
-2.110407656340991256e+00 -2.172917853792823983e+00
-1.930291365706684470e+00 -2.363551654972341876e+00
-1.871700551421813241e+00 1.351776703877418662e-01
-1.839443764918029522e+00 -5.368582608909386877e-01
-1.505757977662356417e+00 -1.246487438392642311e+00
-1.249930957941665088e+00 1.714655247804157234e+00
-1.240073414852338463e+00 9.638195005884533373e-01
-1.040601044392357455e+00 9.563120376255187516e-01
-1.030116809332879413e+00 -8.625366952632651518e-02
-9.990730838818318027e-01 9.724579177874508318e-01
-8.613374632241366236e-01 2.540694545172504260e+00
-5.807121354917366141e-01 2.261500422060680471e-01
-3.981242325067957388e-01 2.277026389996690270e+00
-2.799096974779269331e-01 8.591484006212803948e-01
-2.570140259155473395e-01 2.634245256215931974e+00
-1.948242996126259285e-01 1.909423238517952370e+00
4.321840592846903917e-04 1.589050911792721621e+00
6.092221408120712667e-02 2.003204949021593517e+00
7.543370201374743900e-02 4.282700314670791819e+00
8.879074156113331284e-02 2.464179760475576408e+00
1.374352450371518763e-01 2.927315038664282554e+00
2.382404466410270594e-01 2.799387673107418983e+00
3.039949111161277528e-01 5.451596269415402318e+00
3.992169092454345147e-01 4.828390223413574489e+00
8.763128107627227159e-01 3.310587821518207186e+00
8.809324667940754416e-01 4.802636729041125818e+00
9.635263810610839030e-01 3.954974820061064378e+00
1.278713100793282820e+00 4.807095163808896565e+00
1.560136760011678891e+00 5.993234922005001408e+00
1.641447371137079170e+00 6.182475982168454287e+00
1.677718678870718794e+00 6.323969790436780869e+00
1.739901287639877836e+00 8.114519559264428139e+00
1.900308449830498958e+00 6.221950067144527807e+00
2.005431987053170051e+00 8.328412880759639592e+00
2.257898505263182809e+00 6.626847987585744448e+00
2.529594493899867125e+00 9.770055665822422242e+00
2.999627258113712891e+00 9.932815744213440823e+00
4.106390243212323377e+00 1.097783684989475539e+01
4.839639976779663399e+00 1.390105336135774650e+01
4.869425366389519283e+00 1.398687467485206426e+01
5.088862524643820606e+00 1.336565369485964894e+01
5.143011872705304910e+00 1.407684162050965604e+01
5.238654205467241809e+00 1.458142545744363083e+01
5.340288427709463548e+00 1.536232619253185838e+01
5.639664946838605530e+00 1.466156375097988729e+01
5.747158284949607676e+00 1.358006531577458631e+01
5.764927806358677742e+00 1.590177553565859903e+01
6.223635735147345471e+00 1.556543410803958949e+01
6.746463538660609771e+00 1.765347355847423572e+01
6.973555017861789551e+00 1.813421714424585574e+01
7.061464053686741238e+00 1.743033858676923487e+01
7.084416756943450189e+00 1.533791403108147122e+01
7.100143467981768097e+00 1.818021112684682095e+01
7.129414093466324154e+00 1.713950708902948961e+01
7.213319392647417061e+00 1.805979779359326187e+01
7.792301349388823795e+00 1.787378811272579071e+01
8.582975360236250850e+00 1.820260227577461620e+01
8.916303280723841596e+00 2.006082319174263517e+01
9.157049717212595752e+00 2.113302696263382074e+01
9.615908532278121257e+00 2.229379038438828076e+01
