-8.210904836214694136e-01 4.375924334134160230e-03
9.926017079353785633e+00 8.539217977186704179e-31
5.015641352180888468e-01 8.616983615453936984e-01
-3.871491979179904064e+00 5.492247206160539894e-06
-7.330873921004508631e+00 5.332856055847283727e+01
-3.110092168229443566e+00 2.503263824836097218e-01
8.041006309491397275e+00 1.964857216099985537e+00
-4.614893189892017134e+00 7.048549139826243426e+00
-8.210887919798857126e+00 1.376552351261242924e-01
4.618433292240961663e+00 7.291782899084736869e+00
-6.364850019867114739e+00 7.713019588166940033e-06
8.727878798708335495e+00 4.983008187966493741e-07
-7.746528607063014604e+00 3.567010664851352431e+01
6.496087136135766826e+00 2.576275968072011167e-04
4.253921324500886669e-01 2.082879776656295423e+00
9.961941719493987435e+00 9.509368912871717349e-32
-6.989882797532338543e+00 2.948430256596568544e+00
4.049038801447213842e+00 5.545090001562697586e-04
-9.816091814772729407e+00 5.771221973529338383e-28
7.101679716045503632e+00 1.049374439659005454e+01
-5.330870399811205473e+00 1.145266233577102355e+01
-7.781902049480038386e+00 2.823769667290493501e+01
-2.737435860590069492e+00 1.297427616192342903e+01
7.125834159214639030e-01 3.503328096703685335e-02
3.646672342123582489e+00 1.915814049376340521e-06
-8.477332516435676091e-01 2.510148031944004540e-03
2.166944697110162465e-01 1.112034272023207038e+01
-4.253559766884558613e+00 4.251066555086031873e-02
7.407785630408181277e+00 6.856099527271010174e+01
4.062486010317774010e+00 7.616727785892712021e-04
-3.330894012162080031e+00 4.690834624504446049e-03
4.992903387490632561e-01 8.865628527907974954e-01
-1.067222292860126043e+00 1.312100528552064303e-05
-6.371502953013497006e+00 9.309219575932704528e-06
1.303709642026948945e+00 4.586333832091878238e-07
-6.592668948645464155e+00 2.588690722537253814e-03
9.356176159056388997e+00 1.507706811000300311e-17
7.405278939716282594e+00 6.816058223887733902e+01
-9.179683645788061952e+00 3.682140877836986305e-14
-3.996581374748116033e+00 1.539397738799032659e-04
4.009802142068121356e+00 2.140106170842689839e-04
-9.153372477264651863e+00 1.101989042291305018e-13
1.260999744495217012e+00 1.683845342424706050e-07
-8.455624879706380881e+00 8.407476786155092512e-04
-9.014008751131425967e+00 2.744701174097307006e-11
-7.732958259261479839e-01 1.134363873124598875e-02
6.073797878314366017e+00 2.475871253751612075e-05
3.436092257004481620e+00 4.593523818087010858e-04
-7.223667330379448970e+00 2.935669448485182897e+01
9.193904380072744686e+00 2.021435913270187299e-14
6.183317773709089415e+00 1.156117633699673297e-06
6.425040728201157236e+00 4.066307729126927796e-05
9.183975816481284582e+00 3.074145068910912290e-14
4.518157430090474769e+00 2.470719027572507276e+00
-1.046039297305960680e+00 2.296035438730959502e-05
-1.267042311465695903e+00 1.852684823548803515e-07
3.979513200731870093e+00 9.995869472440848812e-05
2.632916120303454566e+00 2.104856319609258364e+01
-8.667314859022797080e+00 3.054843067567561638e-06
7.573039220333530608e+00 7.133116431917396483e+01
9.422839133228777087e+00 6.467276188574283364e-19
-8.112620768518114645e+00 6.995729792264461233e-01
-6.156897134409486938e+00 2.452375153146225826e-06
2.485906200556209367e+00 2.618490367922180440e+01
8.595651442891510285e+00 2.319361254837488021e-05
8.446665550179610626e-01 2.678394875321189837e-03
-4.583887590945434631e+00 5.167005313488981066e+00
-1.184324732225607857e+00 4.965098128268496841e-07
8.437444038729836393e+00 1.292729820716691930e-03
3.840140705675687549e+00 2.244171704138531707e-06
-2.144816432118690219e+00 5.423405303144864575e+00
-1.922328455170234651e+00 4.050927676060527838e-01
7.836392045759961178e+00 1.853243258457034059e+01
5.456458689744636104e+00 3.327531696055273436e+00
-2.105633157875279604e+00 3.756925406831730374e+00
-8.525118723480009209e+00 1.504563498777061368e-04
8.606972495525493372e+00 1.698238533869497803e-05
8.503888476166365784e-01 2.372567377983930952e-03
4.289128862511075724e+00 8.126338875550609409e-02
-1.387177269346184794e-01 1.572418033834063245e+01
-2.533179724392180532e+00 2.589124323890935031e+01
1.901463566156329499e+00 2.980758502150936406e-01
2.651062988009404986e+00 1.973543319972118582e+01
3.184818173627996796e+00 7.468073281651195494e-02
-6.525558595350573476e+00 5.339634304558115493e-04
-7.646381866883156242e+00 5.833322211100173860e+01
-2.094436183888837011e+00 3.358991826469126085e+00
-9.088788770426852182e+00 1.509708473809334259e-12
1.607677274963679181e+00 1.249099882554654834e-03
1.563519547676259780e+00 4.551973583629843737e-04
4.655841831344087467e+00 1.023795534785416805e+01
-3.590900425646330607e+00 9.092611349728330140e-06
-2.331396510513261688e+00 1.839956054119149442e+01
-2.541415284633230520e+00 2.569318204228354929e+01
-1.884291732062099989e+00 2.296859354944351950e-01
2.018636950980219336e+00 1.449597855623973031e+00
8.479506084115776332e+00 4.718333556605685489e-04
1.225134673082362013e+00 1.816205086935097319e-07
3.310753034256672667e+00 7.091630146630942440e-03
-7.032314589940567018e+00 4.952521697525521738e+00
3.499764698565543952e+00 9.840175776598980323e-05
-2.820537642462876970e+00 7.267128514088232905e+00
9.778580196188080720e+00 4.976458759250369326e-27
5.533921362587710391e+00 1.275403018910215902e+00
7.325010717415332273e+00 5.200042037814321816e+01
5.658160277110903635e+00 2.002829044229263999e-01
8.025475286375984396e+00 2.416847386657707819e+00
-6.499603525751873612e+00 2.813541655661365285e-04
-9.816330748529196626e+00 5.691923908830008123e-28
-3.421782727928688317e+00 6.404263204351740924e-04
-3.829964739581737110e+00 1.671669900712855829e-06
-6.028549920587062516e+00 8.130747541890045440e-05
-8.978333778180779490e+00 1.042356326670349229e-10
1.823863292212746234e+00 8.656630679262811157e-02
-1.816816769404414611e+00 7.679808353969186374e-02
4.555750004804393072e+00 3.817847422694242265e+00
-4.118874371554337444e+00 2.744607575541997344e-03
-3.289653571806969712e+00 1.081583998252939362e-02
2.425696665682934849e+00 2.449952354955660283e+01
-5.517628138585499720e+00 1.580002400871592494e+00
9.045377859088599592e+00 8.269958074222140166e-12
-6.506267231920237037e+00 3.321935760261546136e-04
7.317272916249928372e+00 5.023201519408431182e+01
-6.255962397757766524e+00 4.254154821706719271e-07
-7.127593987088274297e+00 1.346965577053579466e+01
-2.057907824765108362e+00 2.280962142982344343e+00
7.943948738487960348e-01 7.502207852626979756e-03
2.501583923194614645e+00 2.624917680874503390e+01
7.198442861717802010e-01 3.076230566288718979e-02
3.474078176708794707e-01 4.424157550728747168e+00
-6.301870615182165736e+00 1.256599871438914922e-06
9.151796118893756216e+00 1.176146474073733183e-13
-9.988906511576129077e+00 1.792381350697392466e-32
-8.644613601328018149e+00 5.887163302299394182e-06
7.100003117482939885e+00 1.031963705344806925e+01
-3.526578416168910657e+00 4.989333706823844474e-05
-8.665841379481388884e+00 3.188981054320569754e-06
3.288233037423071714e-01 5.176725481758307268e+00
3.143025445214320257e+00 1.494407103835283523e-01
-8.252936955932618446e+00 6.377408708834703122e-02
-7.862673534852568480e+00 1.472970575619771161e+01
-7.624838237834019594e-01 1.396030274068026447e-02
-7.900783435579130654e+00 1.023870746532301368e+01
-4.862212577753957099e+00 3.549334869259595848e+01
9.203792084905096260e+00 1.328254082700842618e-14
-1.758687464808392775e+00 2.727901792790919308e-02
-3.752782737246358469e+00 2.409189041907317663e-07
4.429535628456243046e+00 7.701211027211024573e-01
-4.984183877164984899e+00 4.485951053113272735e+01
6.809824834920704006e+00 1.978483272813389704e-01
5.820333067944005734e+00 1.000003396237553882e-02
-6.500762188428923949e+00 2.896216785761167355e-04
-3.435652055248719083e+00 4.641078431919172824e-04
8.517934139795244164e+00 1.807570856119692054e-04
-5.456553730628743715e-01 4.838332031022286595e-01
-9.888462464593320789e+00 8.183814773784275348e-30
3.338091146441775070e+00 4.036837733459187200e-03
8.855730231160999111e+00 8.022318792896003838e-09
8.024940737955986947e+00 2.433870250204284602e+00
2.751575898801479347e+00 1.189996642060353871e+01
9.208199879065535498e+00 1.100619696807448539e-14
-7.650752870312715892e+00 5.739384494448115248e+01
6.878222059407354649e+00 6.073924374691945793e-01
9.997206863742595928e+00 1.068455221685507048e-32
4.016778075224380906e+00 2.541961375761306536e-04
-1.239320077002110665e+00 1.536794286355599753e-07
8.079382881786132842e+00 1.147930629896846133e+00
8.396312806809746121e+00 3.318671654602707143e-03
-4.499783100192598084e+00 1.971807538107044122e+00
-4.127582317957473990e+00 3.321811011276714406e-03
-9.967351239054462297e+00 6.813893438481597251e-32
6.310910153306381609e+00 1.629659838833772902e-06
6.644299503576791111e+00 8.076680425962212695e-03
7.303812837170859495e+00 4.712953524464413846e+01
5.709370671385565643e+00 8.345715621688248875e-02
5.029012578155929170e+00 4.452900918717562462e+01
4.129998028474939353e+00 3.501266947736253899e-03
-6.887600083833806508e+00 7.019428412325526834e-01
-6.298236905959453402e+00 1.133302370834769960e-06
5.034850935086971901e+00 4.432195461607742004e+01
9.963176229264137262e+00 8.813425519809679814e-32
4.828528669161043396e+00 3.115990815671264258e+01
-6.179718601866706074e+00 1.279174251880637339e-06
-2.665137399481958269e+00 1.866754547901576089e+01
-8.079896465484369017e+00 1.139419055379617074e+00
9.126367560515042499e+00 3.334192765402972823e-13
-7.028348017756817612e+00 4.727150128369975057e+00
-5.642142553457098586e+00 2.598435013088941647e-01
-3.920835010216954242e+00 2.142852680577284180e-05
6.115195052664603281e+00 7.978850974229744340e-06
8.452577075284688490e+00 9.041447045415669688e-04
-9.690807337505118468e+00 6.707222054958910144e-25
-1.274626302952037715e+00 2.155271292870164388e-07
2.576741132009576773e+00 2.438701874943263448e+01
-8.323557482277729846e+00 1.585819040694443419e-02
8.812127417679684882e+00 3.433975598529543203e-08
-6.075767224030562019e+00 2.348273918622566665e-05
-7.948932282566913976e+00 6.139633110314553832e+00
-3.569819963906346594e+00 1.606694660568800488e-05
-7.703933376817266421e+00 4.533852616369218680e+01
2.508128616931644128e+00 2.622832828405565664e+01
-8.798350542365003690e+00 5.383138259379089144e-08
1.718245925459704893e-01 1.382787027944564429e+01
-5.631894222890185375e+00 3.059093778357725446e-01
-5.951257887570751137e+00 5.506109349659909016e-04
5.779657893619660314e+00 2.255794608626288111e-02
1.980847675866739266e+00 9.036409229500568241e-01
9.859674161314149643e+00 4.518627366040162258e-29
-2.717244306771271489e+00 1.455198453872915287e+01
-7.880139919585056774e+00 1.252451513832766139e+01
-4.668644974540123727e+00 1.140681037737568637e+01
5.273480337834515197e+00 1.766824216386183366e+01
-7.178629510759715338e-01 3.187740163150359907e-02
2.324131963106106369e+00 1.783292395232975736e+01
-2.325688784046109348e+00 1.795486284709145508e+01
-3.761934269910862660e+00 2.742686319008518761e-07
2.509580063822411944e+00 2.621990273490262169e+01
6.143033060807923107e-01 1.788201682619313670e-01
5.235850080271875484e-01 6.498371510479350466e-01
5.954547085428592013e+00 5.091136818748824610e-04
5.854222521932883616e+00 4.919546279145760662e-03
3.654753986580923097e+00 1.521065937277339478e-06
9.060686506246206307e+00 4.564271404863778682e-12
-7.331493805765214589e+00 5.346825946397262896e+01
-4.320245679038869469e+00 1.395738089752386613e-01
-3.785574711073738108e+00 4.714412258552606431e-07
7.035780257304198315e+00 5.156550234128141952e+00
1.518404419880425849e-01 1.499232308511221845e+01
-8.858787210740285190e+00 7.231884856281537138e-09
-1.941326237830358625e+00 5.305778052573494330e-01
-6.883279495994316655e+00 6.568596963542093770e-01
1.316171113619633015e+00 6.551779223552442950e-07
1.426526048590706086e+00 1.456847293746069860e-05
-3.441257507855119968e+00 4.069154209741270207e-04
-4.107580740948488796e+00 2.136707504156679354e-03
8.856566499697526851e+00 7.798059347712135527e-09
7.721607096400795456e+00 4.127042330992853181e+01
-6.853998088750053341e+00 4.137623717427812986e-01
-4.838500913030374662e-01 1.071806870046630111e+00
-9.436863190154198833e-01 2.927867356065968606e-04
-6.963176731522691121e+00 2.078771607116368436e+00
-7.127381159699702096e+00 1.344298506727074916e+01
-2.498909274253293678e+00 2.624960963828153027e+01
-9.084463635825965611e+00 1.792257262175412302e-12
3.401359488323540958e-01 4.709475191230243496e+00
-9.190489694825789257e+00 2.335593684720228469e-14
-5.461740455602166477e+00 3.131804592458948377e+00
-9.523138080714772968e+00 4.593802892306865078e-21
6.757593807816819620e-02 1.889034473528004909e+01
-5.234411632293321404e+00 2.264190341360377445e+01
-8.228490162562069443e+00 1.002882693603630443e-01
-9.938451700713882175e+00 4.009119292425246655e-31
4.121016787778620127e+00 2.877075068080301151e-03
-2.022614047438335838e+00 1.520363031337467419e+00
-1.347247630958958720e+00 1.607124604023052775e-06
7.245330137304830664e+00 3.389637845429345475e+01
5.833140929281032783e+00 7.674246925628675289e-03
-3.889879231357842304e+00 9.185853773663215288e-06
5.348381300076456846e+00 9.870429436143531632e+00
1.344213581522766265e+00 1.472936331568965038e-06
-2.491205928972775041e+00 2.622463648966130023e+01
-6.846683632960068877e+00 3.674158274407622882e-01
-9.999730003098505904e-03 1.997501696677154115e+01
7.634320975131769771e+00 6.085480986838134498e+01
-3.548545507195728366e+00 2.822156415697069481e-05
3.477781292809958291e+00 1.694356840863608883e-04
-4.842613163777736318e+00 3.301723794556107094e+01
2.969097028244689351e+00 1.677015482716676997e+00
3.528388719522377315e+00 4.762635199980596570e-05
8.090438982754806219e+00 9.765688844429472049e-01
-3.572232622299342797e+00 1.506188273068871104e-05
-7.641677405864541583e+00 5.932977713087157667e+01
-6.061777682219235963e+00 3.412526948507038356e-05
-8.644965722204290159e+00 5.828132718673359472e-06
1.074771776424467973e+00 1.071973240436190527e-05
-6.513334766809480314e+00 3.957071769616561825e-04
4.830201326644916193e+00 3.138304005497244376e+01
-7.406860559157690815e-01 2.102662800410175226e-02
6.668416735915747573e+00 1.343198268460862529e-02
1.815933013394288587e-01 1.324381544915333286e+01
-8.484240214213528475e+00 4.200685795173836291e-04
1.443748351930507212e-02 1.994795759539431401e+01
-3.962523838955687161e+00 6.456769655144748246e-05
1.528756459320503858e+00 1.986911037496615301e-04
7.477878609842361080e+00 7.578500627670869960e+01
-9.143400563123565306e+00 1.662056994349715708e-13
6.326843281085412940e+00 2.587394721251315320e-06
-8.459738895896178335e+00 7.618834717284041517e-04
1.354401764404185027e+00 1.972598143485236914e-06
-2.293320547300281564e+00 1.538989364136497606e+01
-6.312438161136801895e+00 1.703331589975935467e-06
-3.003803385935464032e+00 1.099596003761993179e+00
9.048609605060292438e+00 7.298305298798414280e-12
5.737202876467685897e+00 5.045423840937544174e-02
7.374473837110313568e+00 6.261827671922474536e+01
7.209251188020305179e+00 2.650495030854420975e+01
6.404337642414508203e+00 2.318756445211301022e-05
8.688662396747481864e+00 1.629135173208226746e-06
-7.520261698847474641e+00 7.585970973929180161e+01
-2.316890411592709142e-01 1.022396655226460993e+01
8.382484002425115932e+00 4.513385390196751612e-03
9.272575993322991650e+00 6.686283920880166761e-16
-7.989627283180668726e+00 3.808865821025474219e+00
-9.698771706068509246e+00 4.332661627526231614e-25
5.146839775931968397e+00 3.436843281396938465e+01
3.460913043647451115e+00 2.549973373267610047e-04
-2.804307651073731922e+00 8.249286054574884730e+00
4.391388104797773195e+00 4.389178569165669286e-01
-7.068531757225800405e+00 7.440639942733755952e+00
3.506316421520836446e+00 8.349341035045112352e-05
-4.659804924765960088e+00 1.059099248823118522e+01
-2.013955618233658207e+00 1.369816413279110634e+00
7.598490455765103846e+00 6.754288922509526572e+01
5.368104940813900328e-01 5.453450538138447934e-01
7.058284798598264409e+00 6.653303020184420546e+00
-7.958962199994417119e+00 5.479087939394290174e+00
6.957590165962779238e+00 1.927862863433336127e+00
5.613068319119197014e+00 4.100414367793092096e-01
5.804539829239486082e+00 1.378200227968144446e-02
7.727031848774927880e+00 4.003380255047635217e+01
-8.690844726315440028e+00 1.526745653218394995e-06
8.148807947044709010e+00 3.953912545914821663e-01
-8.692227819764271501e+00 1.465121678041218137e-06
-9.983231301902561583e+00 2.550448323714420039e-32
-1.711760576274170553e+00 1.112176394149489225e-02
1.884340869240008765e+00 2.298597181865965622e-01
-3.830839614076271271e+00 1.714626962934579983e-06
-1.280188535488593349e+00 2.449270435963673412e-07
8.427211179866178625e-01 2.790585746527950509e-03
-4.433510900033439839e+00 8.148825675724580275e-01
-8.420704626118054037e+00 1.907054847847069502e-03
1.150040887989176586e+00 1.324922893715564693e-06
3.928434169954697630e+00 2.628543054169333424e-05
2.184639834983288509e+00 7.572441723220527443e+00
6.038723144687172528e+00 6.251171799472256708e-05
-8.336495714136553659e+00 1.212426961849600270e-02
9.857831486306238844e+00 5.037292017648170579e-29
5.375042962067597685e+00 7.755848448732224121e+00
7.091219919463904731e+00 9.442804165239010672e+00
7.693770875945329379e+00 4.768791497295086401e+01
-6.320632240464667539e+00 2.160392514379859812e-06
2.025210668983257190e+00 1.568084214081374217e+00
-5.993597050738870280e+00 1.967107731251234698e-04
6.367315518175972855e+00 8.270849669008301921e-06
-4.600110417502472515e+00 6.096815053169981624e+00
-9.151973788496754025e+00 1.167548382605535951e-13
3.757634147070276764e+00 2.560738582715222429e-07
-8.342358718681389007e+00 1.072063144905622926e-02
4.833803243963094687e+00 3.186140709048882869e+01
-1.364083725497187150e+00 2.598577051809898456e-06
-9.482961268153289325e-01 2.625452736859473194e-04
9.706210283787930493e-01 1.536885430289999907e-04
-6.750825319152924386e+00 6.844215350988973323e-02
1.053396977414535751e+00 1.892878878605021520e-05
-4.096987312491860322e+00 1.684584332564273033e-03
-5.205838152789407758e+00 2.649737510576166244e+01
2.954194368365505863e+00 1.991741607923524171e+00
-2.592352090815113197e+00 2.359546731269250586e+01
8.075059928579866764e+00 1.221822256542635321e+00
-4.083895087379952216e+00 1.250839758652113253e-03
1.504225375158956268e+00 1.086995712018074082e-04
-8.462809706810659804e+00 7.076830538024835937e-04
1.924101365154831100e+00 4.155823534118592844e-01
5.130766123859600292e+00 3.633986145170617732e+01
4.299604009558350981e+00 9.775711421577913673e-02
7.193628265958031953e+00 2.358761822189172008e+01
7.910183526669854359e+00 9.308107979532239895e+00
9.366139876212384863e+00 9.483691313176558725e-18
1.441095428343406315e+00 2.148156986943364799e-05
6.225808336075959737e+00 4.304247773135519330e-07
1.827351331203730389e-01 1.317512606124361874e+01
-7.275660274685879614e+00 4.064653168950388107e+01
-8.074041951024204522e+00 1.239818993888806675e+00
8.501291833598077829e+00 2.751210748822591093e-04
-4.150405153902236854e-01 2.322163759219009194e+00
-9.781172704860738421e+00 4.292861636966346019e-27
-1.579046257751577365e+00 6.527727802613164177e-04
-9.773174296258966720e+00 6.768622951104952759e-27
2.211089097207550314e+00 9.246980974666399788e+00
7.560707923798402064e+00 7.281698695943671851e+01
6.541498471579205720e+00 7.848269368474262118e-04
4.939129033582833728e+00 4.296331267290474898e+01
7.639211028256179148e+00 5.984578692565484204e+01
-2.727597363902922734e+00 1.373790757862269984e+01
7.986090195267891545e+00 3.976776002050870229e+00
7.472619472402096008e+00 7.553878623748560983e+01
8.709479083560578871e+00 8.728708290954983026e-07
-8.295264849979634647e+00 2.811196887611953216e-02
-4.084160459326325210e+00 1.258464045657324863e-03
-4.582102564755885510e+00 5.071741044696739031e+00
6.672327597023690160e+00 1.456691135858360908e-02
-1.784589195241137460e-01 1.343196681369698453e+01
4.411865808230997388e+00 5.962409862305446673e-01
8.777150293734418796e+00 1.065242163223250184e-07
-5.704487698614535418e-03 1.999186635937537915e+01
1.510172409504022539e+00 1.259888456849716501e-04
-5.968327186089011249e+00 3.655685615761623429e-04
-2.386305193427218363e+00 2.233342926178315224e+01
4.289000877425401370e+00 8.107874678819597392e-02
-2.993647329897326514e+00 1.248034495391287413e+00
-5.272581026137419968e+00 1.777703209112556237e+01
5.146338301561859119e-01 7.298856027281613867e-01
8.921424560752859279e+00 8.201122798432666416e-10
-8.518373711291218342e+00 1.787459055573086203e-04
5.089083685192434814e+00 4.075032041810783312e+01
-2.957227256743832911e-01 6.703187386154460192e+00
-4.378302535239053661e+00 3.589097799685859180e-01
2.699366380180392433e+00 1.597187031601221285e+01
-7.115580664915790443e+00 1.202261669678849643e+01
3.081337753954265235e+00 3.841378474336304971e-01
-4.426504866318214937e-01 1.727178422040681394e+00
2.756918743163105923e-01 7.734239454676194114e+00
8.565270717950235202e-01 2.081325069637394564e-03
-5.583816640754197813e+00 6.351710886093051567e-01
-3.607811249701988743e+00 5.713554726042082407e-06
2.019460058628594901e+00 1.464015566550409098e+00
-8.319300588817595710e+00 1.730688690026781218e-02
3.299169466824307673e+00 8.953310115495978147e-03
6.157156026871515309e+00 2.434277670382735889e-06
9.679660710862238560e+00 1.233122371712638175e-24
-7.462058753651355403e+00 7.489021104369778925e+01
5.725879323316027225e+00 6.206348846026694260e-02
-5.340153056651583796e+00 1.059477775824554868e+01
3.114183352217456680e+00 2.351341944219858260e-01
-4.860788624703918259e+00 3.531878241296669785e+01
-2.663966465898768288e+00 1.875768368105896045e+01
1.141520996020761736e-01 1.699379879100951030e+01
-1.488246647499500419e+00 7.279274024807510775e-05
-2.922485205937330743e+00 2.819315496050195158e+00
7.201011683496894022e-01 3.062039818734254085e-02
-7.849296230108526728e+00 1.659197609758183134e+01
-9.939167058860904902e+00 3.838017799977053868e-31
3.866847763706973140e+00 4.816950143794729391e-06
-4.652067716939399133e+00 9.909080607531240759e+00
-5.191518513140012558e+00 2.845064207412743329e+01
-2.019121237692087512e+00 1.458066420653740369e+00
-3.954855451467225169e+00 5.288319222248817262e-05
1.726527050937691765e+00 1.483762569559419695e-02
6.554560230686375277e+00 1.070973695170037007e-03
5.846381145998216233e+00 5.811883582723127023e-03
-2.975912978114687579e+00 1.547284493500137081e+00
9.002165503844228311e+00 4.289578286861849994e-11
-2.486390437281644772e+00 2.618929492363893630e+01
6.952365068885679733e-01 4.753969499486180444e-02
-6.929691748396118456e+00 1.307835711600053408e+00
-8.343023255272550287e+00 1.057158861023801098e-02
-9.238535319245755772e+00 2.978681065539322036e-15
-2.591286941635504437e+00 2.365322969151008792e+01
-2.260759546195465486e+00 1.283551649729976774e+01
5.265838022493081638e+00 1.860237595788579057e+01
-3.376933420197867353e+00 1.755525908338510278e-03
6.111638738345734900e+00 8.808453700648418756e-06
-5.153611036003127310e+00 3.350544992728423921e+01
-7.169833161379104425e+00 1.951904486957906926e+01
-2.146795753382821914e+00 5.519296967305527879e+00
-3.040930989941528217e+00 6.771156391858162982e-01
-4.596863979575949166e-01 1.425236076493024973e+00
5.943142420738169562e+00 6.672753192433440511e-04
-6.853273375116335941e+00 4.089451758992536101e-01
-9.642509846400386664e+00 9.177034592538529790e-24
-9.969585122582627079e+00 5.936423931097442348e-32
-3.101664893934175105e-01 6.008599146486534259e+00
5.597352616407443193e+00 5.201103052923466974e-01
3.841376451486779864e+00 2.325639380726377696e-06
-8.210043314564941852e+00 1.397358475989646243e-01
-7.346707076107257706e+00 5.684245018726439014e+01
-3.180700280889698917e+00 8.011878636591085456e-02
-7.978095957839181906e-01 7.009284753119572955e-03
3.949307622393880557e+00 4.572953701283731732e-05
-3.096466676817746233e+00 3.074354237398877476e-01
-3.208826580112238425e+00 4.915518132235174170e-02
-9.659641279076369713e+00 3.652562473146919486e-24
1.665441379077856610e+00 4.346279192731408725e-03
-1.125704299009537834e+00 2.642354998999156589e-06
1.890122628224106816e+00 2.511476869870439832e-01
-8.319410304949471424e+00 1.726803485651381628e-02
4.395083414071818240e+00 4.642238260359758950e-01
7.427957345272140799e+00 7.146019734701602033e+01
5.953828937633984353e+00 5.179105452976261788e-04
5.339061000676026403e-01 5.669612767481104765e-01
2.000775616639818288e+00 1.164572046266801220e+00
5.308015131323839952e-01 5.908779450036003578e-01
-8.683520273823564395e+00 1.897476777154944325e-06
-7.075535173924607513e-01 3.830528218963850928e-02
9.286482258141591117e+00 3.601653948908884416e-16
-4.730842486170764971e+00 1.819397325004125321e+01
-9.758164681988702682e+00 1.583888969730669996e-26
5.262432583330578950e+00 1.902543427156695444e+01
-6.355991662184963253e+00 5.994681326152456390e-06
-1.756453594941560503e+00 2.617109512059296456e-02
3.335239105562193274e-01 4.979128058962777104e+00
-7.805819850171156205e+00 2.368744488306579399e+01
-2.141543869831732394e+00 5.267369139286241619e+00
-8.501845708660567880e+00 2.713318672140615020e-04
7.528444994397038847e+00 7.548269646995072435e+01
-6.826873489617939939e+00 2.645503142539458730e-01
3.007288566035857258e+00 1.052212272236977997e+00
6.190001474982429031e+00 9.607497635614830638e-07
-1.813915858964953998e+00 7.307805823630088293e-02
3.630141078051076775e+00 3.061475311830171644e-06
9.043740090028300926e+00 8.809848222280732849e-12
-2.062232028372701365e-01 1.175327771547633837e+01
-3.976395958496596883e+00 9.230589830138568761e-05
3.673933255143566612e+00 8.792791794591728110e-07
9.601152382599597246e+00 8.231414474707248866e-23
-8.366139993912662831e+00 6.451363999762271123e-03
-5.560388622164658123e-01 4.193673846900627944e-01
6.534541873649263977e+00 6.639192714211785123e-04
-3.579803110987289649e-01 4.030371214012646419e+00
-5.608757584185683598e+00 4.379458685518078376e-01
-2.008688926361765770e+00 1.284454160834839653e+00
-6.869323776196683440e+00 5.284068063306029961e-01
1.151719295678883537e+00 1.262814942039783440e-06
-4.598589244414316823e+00 6.004625302633093575e+00
-9.248635661118495221e+00 1.917860743382489852e-15
5.509562920391857688e+00 1.752394024035693221e+00
-7.599169837220385304e+00 6.742960789987465375e+01
-7.059017012100943234e-01 3.943967957734698104e-02
-6.438117815831536639e+00 5.766269508489998833e-05
9.374548759181669411e+00 6.400563014494289930e-18
2.241366142750640389e+00 1.137619014609057899e+01
-1.117800825308998824e+00 3.297279948804131859e-06
2.597365730449465726e+00 2.331658525129910942e+01
3.563283055627495255e+00 1.912613062980574917e-05
-7.320311105018662445e+00 5.092816845495697464e+01
1.905073788295259529e+00 3.145698974382166724e-01
5.200735559649816153e+00 2.719349875632061497e+01
7.017728966647240441e+00 4.164934483938592003e+00
-7.974766550689760258e-01 7.055975597446837583e-03
-4.878550207408498096e+00 3.742305050611047790e+01
8.451926011317212328e-01 2.648797835139732586e-03
1.007388330176335334e+00 6.192057871156508202e-05
-7.100325617840863579e-01 3.665902211500892544e-02
8.390739031364329747e+00 3.758697243309812915e-03
-2.442324697506208508e+00 2.518089274627532248e+01
3.097604686899189108e+00 3.022574825864842718e-01
2.865934463238934971e+00 4.922495398360034358e+00
2.089042949404027461e+00 3.179089296748474069e+00
7.765689218557662699e+00 3.155187146830011713e+01
4.009545910133420321e+00 2.126572678554917951e-04
-2.643714628289273172e-01 8.348475055289302560e+00
-4.503882434217477027e+00 2.075089948246394034e+00
1.237516442476647160e+00 1.555344187278852720e-07
-7.528049813752795139e+00 7.550376441723452103e+01
1.927030299753205167e+00 4.334354151703553315e-01
-1.086294237587837053e-01 1.725717289808441635e+01
-8.534309914919775863e+00 1.187553473462193027e-04
-5.716350863080639222e+00 7.369506090960831202e-02
-8.352378234491361297e+00 8.670396407917486600e-03
-2.266077021400663138e+00 1.324561414983891794e+01
-3.695792932811210463e+00 4.797252209076864818e-07
-1.053084413387062046e+00 1.908521575677454537e-05
-8.087147007832104606e+00 1.025056061673295327e+00
-9.215279103533065452e+00 8.129616672411467681e-15
-6.918588332253071016e+00 1.114630904865633987e+00
1.161321968999518006e+00 9.588813305222689492e-07
-5.353680145914170296e+00 9.421948549605136947e+00
-9.561424435629557905e+00 6.504574273124258233e-22
-5.046292992272607414e+00 4.381054209844175062e+01
1.300372096676418732e+00 4.174963317957020671e-07
-8.435730250545336872e-02 1.829779100549403736e+01
5.107222569520686761e+00 3.897630888603006127e+01
-8.653648706302179860e+00 4.541290642052669120e-06
7.967780793227441372e+00 4.947000998481661860e+00
8.744195189376490873e+00 3.009705401156122957e-07
6.079630313439110978e+00 2.116170354685711785e-05
-7.726212527687554399e+00 4.022006777510520692e+01
4.752670687616800116e-01 1.187971749098400087e+00
-3.484882504610469223e+00 1.423455151626920124e-04
4.098567809599606981e-01 2.449661893347861330e+00
-9.360930628486199723e+00 1.208861425444493704e-17
1.336802142700146412e+00 1.189652241062742581e-06
9.527029133903530678e-01 2.364430387372615803e-04
-7.327370407395344287e+00 5.253634482448958920e+01
9.770325098019657872e+00 7.957495324397470963e-27
2.690313795493937121e+00 1.669191097958092840e+01
7.661494484675605676e+00 5.503732317292316623e+01
5.801848305630132430e+00 1.454735155342677319e-02
-3.015987219682798592e+00 9.414169482736488570e-01
7.532051008644955914e+00 7.527714549455468784e+01
7.042862605607320248e+00 5.594785194292803077e+00
7.574768134495624139e-01 1.535357761280489557e-02
3.811308855720405564e+00 9.727793294321870278e-07
8.875535328129744883e+00 4.079870573662505686e-09
-6.419743072195127631e+00 3.525490509094293299e-05
5.899094128914443402e+00 1.840044233271291921e-03
-9.963927964111185531e-01 8.155359763559340801e-05
8.910380620372960081e+00 1.212415406291677827e-09
7.837865100724188849e+00 1.830377068339767632e+01
-7.757549106628061075e+00 3.327722191730318002e+01
2.381877021543898909e+00 2.204868611609559181e+01
8.711606147289172597e+00 8.184522449968338613e-07
6.165972273014204141e+00 1.891496568060620726e-06
1.734626327233268483e-01 1.373045298602274045e+01
-5.050253942148613007e+00 4.360161783621918374e+01
3.446032116212158769e+00 3.635682347507940932e-04
-5.865682196791899727e+00 3.845282013511300365e-03
-3.457367709365404274e+00 2.776232364311793845e-04
4.341592608476158688e+00 1.994700507660435718e-01
7.843838339380222457e+00 1.739542725317878791e+01
-2.423942128862519585e+00 2.441886506610509500e+01
-7.422878332222612840e+00 7.078665682240730916e+01
7.497657593069792625e+00 7.624477050615195139e+01
7.012732198153292629e+00 3.920203365971241194e+00
4.548822275062160969e+00 3.532994269097993634e+00
7.225877039827672377e+00 2.980645406181596968e+01
6.982278313668803804e+00 2.673986979222812366e+00
-5.911948047917992000e-01 2.533055170273790235e-01
4.557800055464092281e+00 3.905565561622666770e+00
-2.000036239356983714e+00 1.153867062816119615e+00
-7.584996047784984263e+00 6.966606408412867779e+01
2.021518493967722208e+00 1.500591095048379175e+00
-3.080446142600032911e+00 3.891441000924061311e-01
-4.738102791817753179e+00 1.909231015121876851e+01
-4.475068126924730549e-01 1.636325093710457645e+00
-8.976846044148281578e+00 1.101243910880027486e-10
-6.794443840700880699e+00 1.512832670869176943e-01
6.317042728367590065e+00 1.946585297434575391e-06
9.189382956843951789e+00 2.447394603243129135e-14
-4.897984925837692849e+00 3.951079982454340467e+01
-8.805163719448653836e+00 4.312612967500544920e-08
-6.709820881723976171e+00 3.109306199986067165e-02
-1.806802189672978010e+00 6.464308991624979905e-02
2.530443920088580878e+00 2.594763803589912143e+01
7.514362806560286323e+00 7.605363292900152317e+01
-8.202234634805524394e+00 1.603893289480515238e-01
1.955686814761283809e+00 6.467505831389527282e-01
4.243143966959895153e+00 3.495388370974749498e-02
7.180782072977562436e+00 2.133323859519020971e+01
1.081491108546384083e+00 8.944064409110229915e-06
9.094702949326793906e-01 6.468019323201253069e-04
4.287598391576416645e+00 7.908056339905952803e-02
7.102429856447241008e+00 1.057235079205813655e+01
9.696859731805595572e+00 4.812593966726049013e-25
3.509192016323183783e+00 7.765845835924718504e-05
-7.419594228879226705e+00 7.033037730729176928e+01
3.510643037327731975e+00 7.486490567638923817e-05
6.884417611551727489e+00 6.684768274050976178e-01
3.784621592272887636e+00 4.596588019468053481e-07
-9.109597786371342210e+00 6.570307931746882424e-13
8.726947319583944207e+00 5.127491245076198383e-07
-9.686031955766916113e-01 1.613927734553061253e-04
7.291868758576798726e+00 4.436872124805773154e+01
4.766625869669070426e+00 2.277968046501270649e+01
-7.569878010018660675e+00 7.173513905018755565e+01
4.840638738479374759e-01 1.069038182104289136e+00
1.175381182306298733e+00 6.405259976203979698e-07
-2.786012311338883496e+00 9.441623639428371462e+00
2.314405109070307720e+00 1.706616237835572392e+01
8.411638743464990853e+00 2.347163815216395024e-03
-9.613614173005839092e+00 4.269145329629888784e-23
1.830122374897313886e+00 9.617994464891327366e-02
-5.691954698343268504e+00 1.132277709121824877e-01
-4.295053059751499092e+00 9.024610258988653710e-02
5.944422984527808040e+00 6.474155659748185871e-04
5.378831154780252533e+00 7.483865539598073546e+00
4.970574678695394155e-01 9.115632410214078440e-01
8.167706908918137998e+00 2.897058916834991948e-01
-6.687285002572675552e+00 1.979544491486955049e-02
-8.067689299271512127e+00 1.357477447115809532e+00
-9.776187917533851746e+00 5.702598665860382931e-27
8.246935283243352899e+00 7.136936584923822546e-02
-4.045059100115373951e+00 5.043505313546413652e-04
4.122912466656414310e-02 1.957952279112955196e+01
1.639749001084058744e+00 2.521928795610482114e-03
1.969888695948696089e+00 7.826584034742810614e-01
-8.144235104812659998e+00 4.257221128044649805e-01
-4.417047510084985973e+00 6.432270034929565838e-01
8.388092438592307687e+00 3.986527100115193172e-03
8.220846223407660247e+00 1.151841004668839596e-01
-4.637948078554914311e+00 8.742031213831936043e+00
-3.282891944225618808e-01 5.199486308451070293e+00
-4.556751152282643602e+00 3.860486559573101495e+00
-5.819024856170185167e+00 1.027173893017432199e-02
-7.804109962661060607e+00 2.399826528913144585e+01
-3.388676598001683082e+00 1.354720378545250714e-03
2.699628430731593198e-01 8.042444389691908668e+00
4.994847259325300826e+00 4.498506768877704332e+01
-8.253039862418049211e+00 6.365066448297808377e-02
9.840395282986735381e+00 1.402524758654920752e-28
-9.153175435381672997e+00 1.111000402054666549e-13
-5.355876926001739591e+00 9.240145747006311083e+00
5.438268920283753083e+00 4.078245651986116549e+00
7.791949838996854893e+00 2.627409727471468059e+01
-7.392448921233071957e+00 6.598496966139752828e+01
-8.048268728823902762e+00 1.779860388694587847e+00
2.916099676864918333e+00 3.014485670613405333e+00
4.237374486590852030e+00 3.132595062443437051e-02
-6.905646783291697233e+00 9.215673546346798695e-01
1.991680149825922896e+00 1.038526221096782720e+00
6.067100156366476149e+00 2.961873610946582182e-05
2.041421305726833779e+00 1.894558355373148650e+00
-8.300314585436909809e+00 2.541856337642847685e-02
7.662858308878677249e+00 5.473383400890050865e+01
-5.648489120073511671e+00 2.345552183983447281e-01
6.786662811425316910e+00 1.317819136490697152e-01
-2.291249027563786456e+00 1.522522943149174424e+01
3.245215810582313676e+00 2.537054140501261365e-02
-5.132155841300232169e+00 3.617426338974362210e+01
-8.344883890422682526e+00 1.016461773906953379e-02
8.675621449549149489e+00 2.395173247604972529e-06
1.248152398341617619e-01 1.646104568959857417e+01
1.139172952604750044e-01 1.700517818105042522e+01
5.706977786562941191e+00 8.706873681884724769e-02
-6.072946972346942474e+00 2.533050692263545968e-05
8.724541798941485737e+00 5.519737746731057602e-07
-7.391059916789755491e+00 6.573740829289037890e+01
-3.295766460224203165e-01 5.144729041726049168e+00
1.385507331437074718e-01 1.573328375684983627e+01
-9.053499788528826642e+00 6.037672677677228203e-12
-1.480083914041672166e+00 5.916420419822617676e-05
5.055910770558242895e+00 4.327552840840896664e+01
1.927756473308019913e+00 4.379646042992630384e-01
-7.726903460614666486e+00 4.006297776099076913e+01
-1.242677059279606588e-01 1.648913187011238435e+01
6.720753680355553428e+00 3.853097105835820435e-02
-1.421433217471852473e+00 1.270333643947016907e-05
8.934954265717998112e-01 9.271050349756401222e-04
4.646347377523982303e+00 9.424241686847382837e+00
1.133213436599334045e-04 1.999999678956852733e+01
2.064210919037168246e-01 1.174128700194276220e+01
9.014905427071139954e+00 2.653084104474781697e-11
8.575807370574855426e+00 3.974600135358578385e-05
-3.417208272733727181e+00 7.114384126789363803e-04
9.614355566761467742e+00 4.105104792776278921e-23
-5.091040486917945529e+00 4.057117591105620136e+01
1.281238263911412822e+00 2.512285226017041402e-07
-7.242260305071495097e+00 3.323639585680403741e+01
-7.057185946474950455e+00 6.572957217895516457e+00
-9.456327158403986743e+00 1.274985490456694490e-19
-4.905551255027917890e-01 9.877537374371292422e-01
-4.669554040332015710e+00 1.149291589594172969e+01
9.171177632896688081e+00 5.258128730136215474e-14
-8.645371803949315037e+00 5.760768335693829234e-06
-7.528773833975110463e+00 7.546494520154702457e+01
9.759110251519400592e+00 1.501539217275999861e-26
4.622085242815177075e-01 1.384408918047935533e+00
9.689846300430691173e+00 7.069639556234883098e-25
-7.376479693667041815e+00 6.301051325484730370e+01
-9.576872375048285591e+00 2.925319435306228516e-22
1.110279271722296457e+00 4.065162373451268918e-06
2.609213785635529081e+00 2.261402642139979591e+01
3.458896164510461002e+00 2.676428358431143500e-04
-4.204738844166873157e+00 1.659188871040497351e-02
-8.386951018071632902e+00 4.088778780282542082e-03
9.173938462539938499e+00 4.684850537211501155e-14
4.411098733550620210e+00 5.895496842422524031e-01
-1.668862683238441225e+00 4.667183461673838143e-03
2.437566114547353724e+00 2.500163226604615474e+01
4.691410451127646652e+00 1.368525011430154414e+01
-9.228356694558858209e+00 4.630121062052799282e-15
-7.310114998414707799e+00 4.858493447627448347e+01
-6.617823199990750638e+00 4.544073532421117646e-03
-9.725199351012731697e+00 1.004754108579812181e-25
-9.118657381001984419e+00 4.558424962988431890e-13
-8.486005636401806385e+00 4.021958004150718896e-04
-1.891494950057315272e+00 2.564519507232272399e-01
5.973073953333711827e+00 3.257928063894324289e-04
-6.774320977336129701e+00 1.055460283332958632e-01
-4.163905893649630485e+00 7.215639588365810320e-03
-1.105369200062875645e+00 4.657063864363411069e-06
7.902460768160310955e+00 1.006771774115436457e+01
-4.015369271288607322e+00 2.455381138912712574e-04
-4.588814032318937919e+00 5.437061445971440143e+00
2.287865614703799011e+00 1.495661267178237175e+01
7.194491527261790864e+00 2.374387444365408584e+01
-8.438458213602251234e-01 2.725196197782487912e-03
-4.434348112531470321e+00 8.245947440334860934e-01
-8.238316222518083265e+00 8.375426870787282263e-02
6.811334583377459673e-01 6.059441345999048989e-02
9.074893980314719499e+00 2.615356497188422261e-12
-8.043327229055881489e+00 1.904008579822357383e+00
-9.458511526886432819e+00 1.145729635768807459e-19
-3.159929328049104758e+00 1.134755383760902986e-01
-4.046195863082902022e-01 2.583821884119758217e+00
-8.875435399881890675e+00 4.093914127578728582e-09
9.298437081725429820e+00 2.107873652690022596e-16
-8.828868927154204016e+00 1.975932304712943812e-08
-7.607539822925875050e+00 6.598696658567878615e+01
-6.192062277702847339e+00 9.083288478690705024e-07
-9.341978715106047382e-01 3.658312076894722838e-04
3.799067725081912705e+00 6.845449763793692871e-07
1.992236635798338984e+00 1.045892474716108023e+00
-6.326654963920342212e+00 2.573289283793942804e-06
4.333875063132419214e+00 1.755435876578813892e-01
6.609650293931159659e+00 3.791418433207951241e-03
8.695874971199419434e+00 1.313987147992080460e-06
8.747688668288116531e+00 2.699388873556717614e-07
-7.076110180290533513e+00 8.068641873085299565e+00
-8.416881750376262517e+00 2.082087283670670981e-03
5.375152235477713702e+00 7.747905063768120826e+00
-8.855895298571045515e+00 7.977559150792000252e-09
-1.199586516263284608e+00 3.257317845167319783e-07
-8.031157348830902265e+00 2.242106442876029782e+00
4.111235418334868719e+00 2.317842389810665163e-03
-6.720081041562380619e+00 3.802914817174161272e-02
9.504746460655599805e-01 2.493150059550242959e-04
-1.078080593673405030e+00 9.806535387257077655e-06
6.757179003233297898e+00 7.705232827313994448e-02
-2.180742586415285178e+00 7.341915584760791980e+00
-4.478287088962691342e+00 1.498340212537672578e+00
-6.290845835250332030e+00 9.219911175880720935e-07
6.739911414001058532e+00 5.570608920410910492e-02
9.336973392168061991e+00 3.658573993458529629e-17
7.293299715235807668e+00 4.469916489325753872e+01
-4.368704613949612181e+00 3.088156395706348478e-01
6.893277121516591777e+00 7.653739619468021838e-01
3.033714432766676516e+00 7.460425015936905657e-01
5.231272962448258568e+00 2.305938166440949644e+01
8.369631892473137214e+00 5.980638527221034118e-03
-6.562932466900606165e+00 1.304184806839801250e-03
4.026657212737649871e-02 1.959873088094564153e+01
2.404773919928282488e-01 9.707172767480576780e+00
9.433589543480916717e+00 3.851750225945174100e-19
7.009596416312719569e+00 3.772815272174448342e+00
-8.588488761141999106e-01 1.980244164553962398e-03
2.434766069237193076e+00 2.489016305799922790e+01
4.381927045444154345e+00 3.796464991404119305e-01
-3.628554436426845164e-01 3.857160771070621941e+00
-8.268838410518601023e+00 4.712795860469926740e-02
3.291556766987226990e+00 1.041653894312884708e-02
3.542066406392001543e+00 3.342822143405333005e-05
7.252902748190099835e+00 3.554516947740038546e+01
7.314562231645740376e+00 4.960927644451611229e+01
1.876957517721584701e+00 2.050281084181833913e-01
-9.129802445895302654e+00 2.899167034731491882e-13
-7.966001966389944400e+00 5.050789193390323284e+00
-9.557249514453280526e+00 8.064283785614752195e-22
-6.906319448586915044e+00 9.308193598776874911e-01
9.311367939651191250e+00 1.176102779791933857e-16
-5.473197248736028087e+00 2.739340059323644105e+00
-9.977606290597623939e+00 3.614952627813245772e-32
-6.359048906208903951e+00 6.540786690880558423e-06
-2.028467371589839363e+00 1.629671145676068855e+00
3.556804356286924484e+00 2.270858911745010479e-05
7.838531275642372620e+00 1.820096488136090684e+01
-7.019808262736024318e+00 4.270436764509969230e+00
-7.470274150950753089e+00 7.541242801498785298e+01
-3.372865988549731409e+00 1.918863998587127086e-03
4.304366561821677095e+00 1.062286944480259759e-01
1.916973695593471305e-01 1.263390097986943239e+01
-3.193445024826633283e+00 6.436668832883983560e-02
-4.732230441316476188e-01 1.217112992539217453e+00
-1.870686522740789837e+00 1.858571020264885576e-01
1.527116092378000278e+00 1.909263685103189747e-04
5.632182904599161155e+00 3.045171653801075351e-01
-1.334651097773156270e+00 1.117989604893819990e-06
-4.448039692400262979e-02 1.951143984308462009e+01
8.150995294302346039e+00 3.815862015354944958e-01
-3.041617193886447801e-01 6.292150343408865254e+00
-2.747237029010276554e+00 1.222629710773679790e+01
-6.216240028370161319e+00 5.058641851767577688e-07
9.582867956733752024e+00 2.141813492352181815e-22
-1.752339815309127413e+00 2.423927789312773154e-02
2.083723380192981089e-01 1.162309867093742355e+01
-9.061332038054848326e+00 4.450724394494564893e-12
-2.091084565955592112e-01 1.157853485980018959e+01
3.670246211718097840e-01 3.713199362003487547e+00
-7.455525236517721588e+00 7.438783036912192870e+01
-3.563671237599828068e+00 1.892976004669433463e-05
-8.586808407731517434e+00 2.952158038872973580e-05
1.596019458114474876e+00 9.614247472403051166e-04
4.068897684063735198e+00 8.847269043660150852e-04
-4.687317874855034816e+00 1.325713764335925937e+01
2.742065090498939650e+00 1.261923375511540435e+01
-1.701532461151558095e+00 9.079699847159481557e-03
-6.597295753121892758e+00 2.874376347310033265e-03
-8.239832101294719990e+00 8.144097039110628766e-02
-9.805082012111878242e+00 1.090107586198831547e-27
5.676381574420372722e+00 1.477863043848890723e-01
2.612975328198725578e+00 2.237900358365010689e+01
-1.486640304287829562e+00 6.989215585078869641e-05
3.051152424527485696e+00 5.889308826006915965e-01
-9.009197268907357170e+00 3.292010533229680867e-11
-9.093968545903843292e+00 1.228559033056840555e-12
-9.042508588723880081e+00 9.238496932969055705e-12
8.986367273402439793e+00 7.739658346896064950e-11
9.045548950637789076e+00 8.215470689503536379e-12
-4.036835930120994398e+00 4.141011379127740267e-04
4.359732971307526128e+00 2.677742884472977813e-01
4.424648547741347748e+00 7.180588995984997780e-01
-7.793763232619753012e+00 2.592757191042750620e+01
-6.662613112010662419e-01 7.784236867737374943e-02
-9.393502930742174684e+00 2.621200005457542316e-18
-8.938937945134281193e+00 4.384555362772732796e-10
-6.340168667505592381e+00 3.805787385639545376e-06
7.877855030113916079e+00 1.279861699993060853e+01
6.411771187231587454e+00 2.840393230679069016e-05
-1.868258695920119727e+00 1.788786829196710448e-01
2.310909909586589261e+00 1.678906380380240293e+01
-7.548779868935127091e+00 7.401545852104888468e+01
-3.562719967888003936e+00 1.941447781932953426e-05
-5.242698791515802981e+00 2.155006207874714264e+01
-6.800008367480825378e-01 6.177342944836815286e-02
3.205842306818746934e+00 5.181886342863472467e-02
-6.519455503416784481e+00 4.599805149816046392e-04
-1.505598953494455827e+00 1.124781093075602121e-04
-7.254947690467076882e+00 3.599516001517466890e+01
2.254761816638544136e+00 1.237766831724475480e+01
-9.804763773952910100e+00 1.110282241646193735e-27
-8.272780369493924368e+00 4.368059490789221594e-02
7.756063015421494455e+00 3.359623701691324271e+01
-1.628147364346821391e+00 1.961743344467131202e-03
7.663176796319620010e+00 5.466283688790041140e+01
-6.134433123640022245e+00 4.649116747848171321e-06
-9.353456879272057378e+00 1.710325930313741711e-17
-7.388867129447254101e+00 6.534206300248365551e+01
7.188028957077663428e-01 3.134383247806946104e-02
-3.009213875431469010e+00 1.026783758589651763e+00
9.601278798485091137e-01 1.979814874350266276e-04
9.198118238729390939e+00 1.690694360215909524e-14
4.840490260658441457e+00 3.274075158862923018e+01
5.774852689517966375e+00 2.476568778429811407e-02
5.024379565433150674e+00 4.466690958045698778e+01
1.674446778760607657e-02 1.993002838653167785e+01
3.650797230014832806e+00 1.703134923270998446e-06
7.105095696304422503e+00 1.085526050891840555e+01
1.608066758128936513e+00 1.259997729191027552e-03
3.624366998679904306e+00 3.601421929336031285e-06
1.739233186370170436e+00 1.893182671562454455e-02
4.693195544692883026e+00 1.387446801056597501e+01
-7.061716610046612885e+00 6.909265187142129783e+00
-4.507505276145169049e+00 2.170102338327090319e+00
-5.203099237486710216e+00 2.687096233395450540e+01
-8.280996352526795334e+00 3.723806203646757435e-02
-4.312783108823287748e+00 1.228641870215060605e-01
-5.917664827476345479e+00 1.206904208330534427e-03
-3.046424458674499292e+00 6.283988994631863889e-01
5.297566802705233613e+00 1.487731342736321061e+01
8.896298488571169116e+00 1.987077343567987187e-09
-7.118729145337658437e+00 1.239042637399319702e+01
-1.472540281055474409e+00 4.877699634732753352e-05
-4.812623193993577075e+00 2.901423718429754572e+01
-2.116985268916160567e+00 4.195080109651693867e+00
6.122625684714455119e+00 6.482839538849442821e-06
-2.304974060782725154e+00 1.631731847560448401e+01
9.850858872697925150e+00 7.593306386022524202e-29
-1.440992851362141725e+00 2.142331407158277502e-05
7.315941267037366913e+00 4.992626418879855521e+01
-7.250882723147169528e+00 3.510258221537237233e+01
-4.345762269550403900e+00 2.135946733883150039e-01
2.966195326026930257e+00 1.734882979101975309e+00
-8.741676692725819819e+00 3.254701123522104324e-07
-6.124718958568675653e+00 6.113120324785086464e-06
-7.553270746127800805e+00 7.359265765048785113e+01
-2.099071009197763793e+00 3.519663164811677625e+00
-4.627599794409780642e+00 7.949734848537753251e+00
-8.196336489700774663e+00 1.778101411619637529e-01
4.536349686956757665e+00 3.063375246934398444e+00
-1.307494928550729796e+00 5.107172972224702375e-07
-7.840354841489494575e+00 1.792147454288494046e+01
-3.375871212686636369e+00 1.796861447968898162e-03
-6.641188413611034846e+00 7.555727863436949472e-03
1.700384673348005471e+00 8.873886700630967406e-03
1.679956423292736645e+00 5.868082513492326943e-03
-3.154318564132962965e+00 1.244322605552070637e-01
7.850685878118635053e-01 9.018959367164684077e-03
8.096325269537516078e+00 8.949115225098807080e-01
-7.140986610163011505e+00 1.522417674353030570e+01
-9.398246354402095548e-01 3.206542754692649896e-04
-6.214683608200866516e+00 5.219851763082527083e-07
-8.491043354844968860e+00 3.551148767726982963e-04
-2.621539675738011610e+00 2.182415380835342589e+01
8.731581077461022744e+00 4.446928739248622383e-07
7.534940609640861098e+00 7.509521471974377960e+01
7.781913249898142482e-01 1.031620359755039927e-02
-8.290991791995594440e+00 3.059762852936092486e-02
-4.075462075530207784e+00 1.030236201010336543e-03
-2.736643547174655300e+00 1.303533678195007894e+01
7.600043485275462807e+00 6.728307227658611112e+01
-8.974521858101701000e+00 1.199835507340564152e-10
-3.360984750869198123e+00 2.482427724960485464e-03
2.043731654658644814e+00 1.945280051457880299e+00
-4.165344424731065587e-01 2.286381647782768756e+00
2.519972179952612024e-01 9.042627637985511058e+00
-5.553989424253682472e+00 9.707939495937002450e-01
9.653306698735637070e+00 5.139408073806452184e-24
-3.655857058085971723e+00 1.473835537523304821e-06
2.808748771107092423e+00 7.973260001899829419e+00
-8.425100535408580171e+00 1.723117563022701516e-03
2.252607693457802096e+00 1.221456475828850330e+01
3.307378818513779795e+00 7.592525759686574206e-03
-5.819178564864269099e+00 1.023945867651388647e-02
3.341179630305113335e-01 4.954504230111531626e+00
2.973101874222381369e+00 1.599752127014737013e+00
-5.047060016775475333e+00 4.377134699131605089e+01
8.096110431799555585e+00 8.977818483451873721e-01
5.395189623454374583e+00 6.388356321988838182e+00
-5.975834539635334508e+00 3.046032163573885723e-04
-2.535569041640390875e+00 2.583813573923859153e+01
4.147657792829679835e+00 5.120885084675715591e-03
-5.398692622978213507e+00 6.170099070248274309e+00
5.538715970670180511e+00 1.195992370803655502e+00
3.969854588574395216e+00 7.803668742664285416e-05
-9.882025735474451622e+00 1.201297901075009674e-29
7.291708560683294316e+00 4.433173868208573509e+01
2.721519566135117696e+00 1.421474081566273995e+01
1.113322414090713863e+00 3.735620015333682002e-06
4.166355861207470923e+00 7.594208307465725484e-03
-4.984314106611964945e+00 4.486181103637040479e+01
