-5.000000000000000000e+00 -1.348082930728414786e+00
-4.868686868686868507e+00 -1.151710651899867432e+00
-4.737373737373737015e+00 -1.461815302599263511e+00
-4.606060606060606410e+00 -1.007616556405324326e+00
-4.474747474747474918e+00 -1.121763679493535726e+00
-4.343434343434343425e+00 -1.074984881576343421e+00
-4.212121212121211933e+00 -9.410098037067379240e-01
-4.080808080808080440e+00 -1.006649847793203101e+00
-3.949494949494949392e+00 -5.592518149069409805e-01
-3.818181818181818343e+00 -5.589298436556540128e-01
-3.686868686868686851e+00 -4.697229440528734035e-01
-3.555555555555555358e+00 -6.935226516958482579e-01
-3.424242424242423866e+00 -1.585958091211286947e-01
-3.292929292929292817e+00 -2.730028969392573890e-01
-3.161616161616161325e+00 -2.504424884723041589e-01
-3.030303030303030276e+00 -8.294677310125293801e-02
-2.898989898989898784e+00 2.875006145925631390e-02
-2.767676767676767291e+00 -3.384653106366830033e-01
-2.636363636363636243e+00 9.899934564054894970e-02
-2.505050505050504750e+00 3.707366708433994327e-03
-2.373737373737373701e+00 2.163296597365589879e-01
-2.242424242424242209e+00 -1.584868590392710108e-01
-2.111111111111110716e+00 -2.627646514879882975e-02
-1.979797979797979668e+00 -1.414446841989742409e-01
-1.848484848484848175e+00 -1.195992495913009712e-01
-1.717171717171716683e+00 3.706690882212476668e-01
-1.585858585858585634e+00 1.858953079405887276e-01
-1.454545454545454142e+00 7.623260709750823150e-02
-1.323232323232322649e+00 -4.236195579706530934e-02
-1.191919191919191601e+00 1.382728810269618080e-01
-1.060606060606060108e+00 3.513051888819173074e-01
-9.292929292929290597e-01 3.572686088683483252e-01
-7.979797979797975671e-01 1.247512736051399757e-01
-6.666666666666660745e-01 6.816252010354573176e-02
-5.353535353535345820e-01 -2.214329744532955811e-03
-4.040404040404039776e-01 8.313766599808369850e-02
-2.727272727272724850e-01 4.184121001604523271e-01
-1.414141414141409925e-01 3.741363856774704844e-01
-1.010101010100949992e-02 1.135752401651633076e-01
1.212121212121219926e-01 4.412916040849209631e-01
2.525252525252525970e-01 7.383881985924393987e-02
3.838383838383840896e-01 2.145071117148305007e-01
5.151515151515155821e-01 1.773602736513351652e-01
6.464646464646470747e-01 4.919179781618933656e-01
7.777777777777785673e-01 3.926348097831082185e-01
9.090909090909100598e-01 -4.064126964863348443e-03
1.040404040404040664e+00 1.916200272742580035e-01
1.171717171717172157e+00 2.746882479569937585e-01
1.303030303030303649e+00 2.521331713060645519e-01
1.434343434343435142e+00 1.501188148620256901e-01
1.565656565656566634e+00 3.105955989533615846e-01
1.696969696969697239e+00 3.609086235052889613e-01
1.828282828282828731e+00 2.511628524243397220e-01
1.959595959595960224e+00 1.369991885476582738e-01
2.090909090909091717e+00 2.806423516596867063e-01
2.222222222222223209e+00 1.892454754001116901e-01
2.353535353535354702e+00 2.449938425848147694e-01
2.484848484848485306e+00 3.160280015480670945e-01
2.616161616161616799e+00 1.944704484662047039e-01
2.747474747474748291e+00 3.160141522636566447e-01
2.878787878787879784e+00 4.199400514164143838e-01
3.010101010101010388e+00 9.990026988814941500e-02
3.141414141414141881e+00 4.521842987221635912e-01
3.272727272727273373e+00 3.410676010176140749e-01
3.404040404040404866e+00 2.501183893401063840e-01
3.535353535353536358e+00 5.855997329348846536e-01
3.666666666666667851e+00 6.684980639244213485e-01
3.797979797979799343e+00 5.862448032668922115e-01
3.929292929292930836e+00 5.034826795710480862e-01
4.060606060606062329e+00 7.902456538621638327e-01
4.191919191919192045e+00 7.865866198650741659e-01
4.323232323232323537e+00 5.487531835521770596e-01
4.454545454545455030e+00 7.217705652911844405e-01
4.585858585858586522e+00 9.608067652705832851e-01
4.717171717171718015e+00 7.005256672526601891e-01
4.848484848484849508e+00 9.540142374578799433e-01
4.979797979797981000e+00 1.163487116868386018e+00
5.111111111111112493e+00 1.058402422904964224e+00
5.242424242424243985e+00 1.047726852132366382e+00
5.373737373737375478e+00 1.025960164710634004e+00
5.505050505050505194e+00 1.141478118344463555e+00
5.636363636363636687e+00 1.457531373603877300e+00
5.767676767676768179e+00 1.715320376619458465e+00
5.898989898989899672e+00 1.761676677130764368e+00
6.030303030303031164e+00 1.597154287370925019e+00
6.161616161616162657e+00 1.815580106935543281e+00
6.292929292929294149e+00 1.863205972218668682e+00
6.424242424242425642e+00 1.939557513378658005e+00
6.555555555555557135e+00 2.109040255611225767e+00
6.686868686868688627e+00 2.148976254100089633e+00
6.818181818181820120e+00 2.581142117917150536e+00
6.949494949494949836e+00 2.605901331475343863e+00
7.080808080808081328e+00 2.804447163581448521e+00
7.212121212121212821e+00 3.167560385046074956e+00
7.343434343434344314e+00 2.973179173812805942e+00
7.474747474747475806e+00 3.198202177201497243e+00
7.606060606060607299e+00 3.681086826575890036e+00
7.737373737373738791e+00 3.525017470472112890e+00
7.868686868686870284e+00 3.976401253652948053e+00
8.000000000000000000e+00 4.148966259353844777e+00
