2.568213652445194839e-04 -4.645649694990927614e-04
8.781072498609709953e-03 -1.580474705981560479e-02
4.272452398295101261e-04 -7.650496413214025182e-04
3.625764554912080939e-02 -6.359489580584554158e-02
1.540147824772741814e-03 -2.643162002137655620e-03
1.139535259076618345e-02 -1.940900583192284312e-02
5.190192435830720541e-02 -8.511611705392763128e-02
3.012813743106246278e-03 -4.775390258707323810e-03
1.774980633875644642e-02 -2.776538468009748239e-02
3.003820292990511120e-05 -4.645360762667305465e-05
1.738520413722710600e-02 -2.658317677863264450e-02
1.366240701885588216e-01 -1.878662570533670695e-01
9.437629558131099827e-03 -1.159882813640134014e-02
2.234794836573028576e-02 -2.675524206556817441e-02
2.758913643040816766e-02 -3.165233663577798895e-02
6.625764151935964463e-02 -6.979769384923878439e-02
4.843027613591521785e-02 -4.546346995738381747e-02
2.333621613517600224e-02 -2.023189683811310591e-02
1.057075983489808024e-02 -8.806153335607913579e-03
2.534097097662035836e-02 -2.020069369984017760e-02
8.457027729854260656e-02 -5.812043463909065399e-02
9.187216612938975402e-03 -5.452491150963301170e-03
1.161479370410001266e-02 -6.651614883622522512e-03
5.626540945829239249e-02 -2.840303285240577263e-02
4.629284893588891947e-02 -1.862112529042930092e-02
1.151374947487560085e-01 -2.772694115398856296e-02
4.634712454661649161e-02 -3.676777444583851067e-03
2.568817999729011703e-02 -1.874207353686065483e-04
5.917228207492186698e-03 1.438443679705275974e-04
1.384694745564423179e-01 2.335926306319890261e-02
3.736663006874918480e-02 1.287400817545137147e-02
4.853443761188369621e-02 2.089083775995899395e-02
1.397658171655509207e-01 8.647779978261181666e-02
1.444192241211794681e-02 1.116275808764716215e-02
1.529792987785461023e-02 1.227935977431129921e-02
4.237809964469185786e-02 3.646030180552017885e-02
4.980710264028420653e-02 4.744337561774622514e-02
3.574480702763338513e-03 3.595655761533478323e-03
5.920202145636999091e-02 6.326922732790146719e-02
5.208388732394864107e-02 6.145827686820776181e-02
3.967788543079997510e-04 4.890168565251928889e-04
5.289823831132522969e-03 6.549614597974706687e-03
5.914484440239942131e-02 7.704138243628899652e-02
4.194232827836064104e-02 5.887341755116959341e-02
2.818575261522981990e-02 4.154026241805941488e-02
1.586228186748517288e-02 2.407658975291693260e-02
3.734800947694694173e-02 5.867603403173604626e-02
2.809327544674955490e-02 4.597473421825537532e-02
8.629212146636699998e-03 1.443861913599941982e-02
4.884013933024089482e-02 8.452738519680513818e-02
5.812958913174837150e-02 1.068226959352515104e-01
2.298103586935251741e-02 4.409544534487075396e-02
1.767311719043451745e-02 3.462922738876961226e-02
1.313520041942251027e-02 2.614217277186192678e-02
1.238869064900636197e-01 2.635396528131828120e-01
3.014848524955482389e-03 6.795956050187346165e-03
1.460365418189857323e-01 3.509569277051933778e-01
5.617251025943570397e-02 1.463531015396668522e-01
1.202418219154175461e-01 3.344930849366203329e-01
4.204817318105646962e-02 1.237951393010292556e-01
3.709700807471083550e-02 1.121543325265448310e-01
2.614711932789459681e-02 8.070349613791094612e-02
2.120675569761987234e-02 6.645920794399184928e-02
1.616813208432699156e-02 5.127310047336486321e-02
9.683829086291950716e-02 3.180412492916508960e-01
1.012736315151707700e-02 3.434408212960349260e-02
1.890532188483273757e-02 6.466091383909722268e-02
3.229216804939571972e-02 1.121005429378310048e-01
1.825863963661245037e-02 6.430688483573598901e-02
2.145450530698056468e-02 7.641474191049546505e-02
1.137676764573658517e-02 4.089426924091910109e-02
1.476554031665289202e-02 5.346136027114933853e-02
2.399066248988956929e-02 8.779240243624730766e-02
9.554201971454734377e-03 3.528352824838121293e-02
8.082602222847956597e-02 3.057943928484756491e-01
2.963895047805209515e-02 1.154090517946837480e-01
6.313793279913504364e-02 2.517061542495566684e-01
6.121454204343423910e-02 2.516505301033751252e-01
1.046110867269840483e-01 4.473991860770416551e-01
7.472880741234533275e-02 3.330009415442356513e-01
5.878735717614880230e-03 2.667025436555636730e-02
5.003632274543257097e-03 2.275459505913524083e-02
1.564354841072201907e-03 7.124358788585638536e-03
4.418006759561432517e-02 2.032251204262296440e-01
1.644771591195359761e-02 7.665549396406579064e-02
3.681734049872975589e-02 1.735503389558710197e-01
4.163882296705745389e-02 1.995447647535240066e-01
8.599017554714460942e-02 4.230635621934455415e-01
6.495181480616452063e-03 3.255639012428179768e-02
4.978442949562511544e-02 2.523408817776084945e-01
5.284329974674317754e-03 2.707553029223941365e-02
4.620323106211809971e-02 2.391122123117623843e-01
5.675341081971918555e-02 2.995549288251302400e-01
1.846587631447262901e-01 1.019241750128929702e+00
4.505653088241778903e-02 2.590440169213170662e-01
1.509747176797304746e-03 8.750309635633612970e-03
2.833805062340788439e-02 1.650896973362332432e-01
5.667384729208135852e-02 3.349842150719073430e-01
2.184279619542817130e-03 1.303926531758925478e-02
