0.458609 1.000000 0.542385
0.605390 0.980515 2.231896
0.413067 1.000000 0.598279
0.470911 0.894294 1.767097
0.413067 0.327201 0.343119
0.484714 0.776808 1.715570
0.516755 0.484972 1.000000
0.579090 0.522895 1.110964
0.516755 0.343119 0.257767
0.631715 0.752216 2.053286
0.296008 0.370741 0.327201
0.385376 0.107118 1.345125
0.296008 0.598279 0.574383
0.922976 0.040200 0.997426
0.521336 0.542385 0.198268
0.198391 0.017094 1.038976
0.292638 0.198268 0.484972
0.118462 0.846453 1.093922
0.368385 0.574383 0.697409
0.049278 0.970983 1.721999
0.363113 0.292638 0.243776
0.165120 0.288582 1.419864
0.243776 0.257767 0.246512
0.761331 0.745939 2.071727
0.320707 0.246512 0.370741
0.439407 0.470496 1.473372
0.363113 0.529055 0.521336
0.028294 0.062280 0.819390
0.483470 0.385449 0.529055
0.959112 0.415734 1.781193
0.483470 0.320707 0.368385
0.347538 0.059266 0.536118
0.317245 0.307848 0.458609
0.539024 0.893045 1.692741
0.138371 0.317245 0.385449
0.394860 0.990305 1.607400
0.020150 0.307578 0.307848
0.092822 0.951024 1.079629
0.020150 0.138371 0.132538
0.409788 0.426211 1.318438
0.307578 0.788929 1.000000
0.024968 0.148130 0.360941
0.132538 0.697409 0.788929
0.941596 0.129344 1.828243