0.0 30.25
1.0 30.75
2.1 30.5
3.1 31.0
4.1 31.25
5.1 31.0
6.2 30.75
7.2 31.0
8.2 31.0
9.3 30.75
10.3 31.25
11.3 31.0
0.0 30.5
1.0 31.0
2.1 31.75
3.1 31.75
4.1 31.25
5.1 31.25
6.2 31.5
7.2 31.5
8.2 31.75
9.2 31.5
10.3 31.75
11.3 31.75
12.3 31.75
13.3 32.0
14.4 32.25
15.4 32.25
16.4 32.75
17.4 32.75
18.5 32.25
19.5 32.75
20.5 32.75
21.5 33.0
22.6 33.25
23.6 33.25
24.6 33.25
25.6 33.75
26.7 33.5
27.7 33.5
28.7 33.25
29.8 33.75
30.8 34.5
31.8 34.5
32.9 34.5
33.9 34.75
34.9 34.5
35.9 35.0
36.9 35.25
38.0 35.25
39.0 35.5
40.0 35.75
41.0 35.25
42.1 35.75
43.1 35.5
44.1 36.5
45.1 36.25
46.2 36.5
47.2 36.25
48.2 36.75
49.2 37.0
50.3 37.25
51.3 37.5
52.3 38.0
53.3 38.0
54.4 38.0
55.4 38.75
56.4 38.5
57.4 38.75
58.4 39.0
59.5 39.25
60.5 39.5
61.5 39.75
62.5 39.0
63.6 39.25
64.6 40.25
65.6 40.5
66.7 40.25
67.7 40.75
68.7 40.75
69.7 40.75
70.8 40.75
71.8 41.5
72.8 41.75
73.8 41.75
74.9 41.75
75.9 42.25
76.9 42.25
78.0 42.5
79.0 42.75
80.0 42.75
81.1 42.5
82.1 43.0
83.1 43.25
84.2 43.25
85.2 43.25
86.2 43.5
87.2 43.75
88.2 44.0
89.3 44.25
90.3 44.25
91.3 44.5
92.3 44.75
93.4 44.75
94.4 45.0
95.4 45.0
96.5 45.25
97.5 45.75
98.5 45.0
99.6 45.25
100.6 46.0
101.6 46.0
102.7 46.0
103.7 46.25
104.7 46.25
105.7 46.25
106.8 46.5
107.8 46.75
108.8 47.0
109.9 47.0
110.9 47.0
111.9 47.75
113.0 48.0
114.0 47.5
115.0 48.0
116.0 48.0
117.0 48.0
118.1 48.25
119.1 48.75
120.1 49.0
121.1 48.75
122.1 49.5
123.2 49.5
124.2 49.75
125.2 49.75
126.2 49.5
127.2 49.75
128.3 50.0
129.3 50.0
130.3 50.25
131.3 50.25
132.4 50.75
133.4 50.75
134.4 51.0
135.4 51.0
136.4 51.25
137.5 50.75
138.5 51.5
139.5 51.5
140.5 51.25
141.5 52.0
142.6 52.25
143.6 52.25
144.6 51.5
145.6 52.25
146.7 52.5
147.7 52.5
148.7 52.25
149.7 52.75
150.8 53.0
151.8 53.0
152.8 53.5
153.8 53.25
154.9 53.25
155.9 53.75
156.9 54.0
158.0 54.0
159.0 54.0
160.0 53.75
161.1 54.5
162.1 54.25
163.1 54.25
164.1 54.25
165.2 54.25
166.2 54.5
167.2 54.25
168.2 54.75
169.3 54.75
170.3 54.75
171.3 54.5
172.3 55.0
173.4 55.0
174.4 55.0
175.4 55.0
176.4 55.5
177.5 55.5
178.5 55.75
179.5 55.5
180.6 55.75
181.6 55.5
182.6 56.0
183.6 56.5
184.7 56.0
185.7 56.0
186.7 56.25
187.7 56.5
188.8 56.75
189.8 56.75
190.8 56.75
191.9 57.0
192.9 56.75
193.9 56.75
194.9 56.5
195.9 57.0
197.0 57.0
198.0 57.25
199.0 57.0
200.0 57.5
201.1 57.0
202.1 57.75
203.1 57.0
204.1 57.5
205.2 57.5
206.2 57.25
207.2 57.75
208.2 57.75
209.3 57.5
210.3 57.5
211.3 57.5
212.3 57.75
213.4 57.75
214.4 57.75
215.4 57.75
216.4 58.0
217.5 57.75
218.5 57.75
219.5 57.75
220.5 58.0
221.6 57.5
222.6 58.25
223.6 58.5
224.7 58.25
225.7 58.25
226.7 58.5
227.8 58.25
228.8 58.5
229.8 58.25
230.9 58.25
231.9 58.75
232.9 58.5
233.9 58.5
234.9 58.5
236.0 58.0
237.0 58.0
238.0 58.5
239.0 58.5
240.0 58.5
241.1 58.5
242.1 58.75
243.1 58.75
244.1 59.0
245.2 58.5
246.2 58.5
247.2 58.5
248.2 58.75
249.2 58.5
250.3 58.5
251.3 58.5
252.3 58.5
253.3 58.25
254.4 58.5
255.4 58.5
256.4 58.25
257.4 58.25
258.5 58.25
259.5 57.75
260.5 58.0
261.5 58.5
262.6 58.25
263.6 58.0
264.6 58.25
265.6 58.0
266.7 58.0
267.7 58.25
268.7 58.0
269.7 57.75
270.8 58.25
271.8 58.0
272.8 58.0
273.9 58.25
274.9 58.0
275.9 57.5
276.9 57.75
278.0 58.0
279.0 57.75
280.0 57.25
281.0 57.75
282.1 57.75
283.1 57.75
284.1 57.5
285.1 57.0
286.2 57.5
287.2 57.5
288.2 57.5
289.2 57.25
290.3 57.25
291.3 57.25
292.3 57.25
293.3 57.0
294.4 57.25
295.4 57.25
296.4 57.0
297.4 56.5
298.5 56.5
299.5 57.0
300.5 56.75
301.5 57.25
302.6 56.5
303.6 56.75
304.6 56.25
305.7 56.75
306.7 57.0
307.7 56.75
308.7 56.75
309.8 56.75
310.8 56.25
311.8 57.0
312.9 56.5
313.9 56.5
314.9 56.25
315.9 56.25
317.0 56.5
318.0 56.75
319.0 56.25
320.1 56.25
321.1 55.75
322.1 56.25
323.1 56.0
324.2 56.25
325.2 56.25
326.2 56.25
327.3 56.0
328.3 56.25
329.3 55.75
330.3 56.0
331.4 55.5
332.4 56.0
333.4 56.0
334.5 55.75
335.5 55.75
336.5 55.75
337.5 55.5
338.5 56.0
339.6 56.0
340.6 55.75
341.6 55.75
342.7 56.0
343.7 55.75
344.7 55.75
345.7 55.5
346.7 55.5
347.8 55.5
348.8 55.5
349.8 55.5
350.8 55.25
351.9 55.5
352.9 55.5
353.9 55.25
354.9 55.25
356.0 55.25
357.0 55.5
358.0 55.25
359.0 55.0
