0.0 28.25
1.0 29.0
2.1 28.75
3.1 28.75
4.1 28.5
5.1 28.0
6.2 28.25
7.2 28.5
8.2 28.5
9.2 28.25
10.2 28.0
11.3 28.25
12.3 28.0
13.3 28.0
14.3 27.75
15.4 28.0
16.4 28.0
17.4 27.75
18.5 27.75
19.5 27.75
20.5 27.25
21.5 27.75
22.6 27.25
23.6 27.75
24.6 27.5
25.7 27.5
26.7 27.5
27.7 27.5
28.8 27.25
29.8 27.5
30.8 27.25
31.8 27.75
32.9 27.5
33.9 27.5
34.9 27.75
35.9 27.25
37.0 27.5
38.0 27.75
39.0 27.5
40.0 27.75
41.1 27.75
42.1 27.5
43.1 27.75
44.1 27.5
45.2 27.75
46.2 27.75
47.2 28.0
48.3 27.75
49.3 27.75
50.3 28.0
51.4 28.25
52.4 27.5
53.4 27.75
54.4 28.25
55.5 28.25
56.5 28.25
57.5 28.5
58.5 28.25
59.6 28.5
60.6 28.25
61.6 28.5
62.6 28.75
63.7 28.25
64.7 28.75
65.7 28.5
66.7 29.0
67.8 29.0
68.8 29.25
69.8 29.25
70.8 29.25
71.8 29.75
72.9 29.75
73.9 29.75
74.9 29.75
76.0 29.5
77.0 30.0
78.0 30.25
79.1 30.25
80.1 30.25
81.1 30.5
82.1 30.75
83.2 30.75
84.2 31.0
85.2 30.75
86.3 31.25
87.3 31.0
88.3 30.75
89.3 31.25
90.4 31.75
91.4 31.5
92.4 31.75
93.4 32.0
94.5 31.75
95.5 32.25
96.5 32.25
97.6 32.25
98.6 32.5
99.6 32.75
100.6 32.5
101.6 32.75
102.7 32.75
103.7 33.25
104.7 33.0
105.8 33.75
106.8 33.75
107.8 33.75
108.8 34.0
109.8 33.75
110.9 34.0
111.9 34.0
112.9 33.75
114.0 34.0
115.0 34.5
116.0 34.75
117.0 34.5
118.1 35.0
119.1 35.0
120.1 35.25
121.1 35.25
122.2 35.5
123.2 35.5
124.2 35.75
125.3 36.0
126.3 35.75
127.3 35.75
128.3 35.75
129.4 36.0
130.4 36.25
131.4 36.5
132.5 36.5
133.5 36.5
134.5 36.5
135.6 36.75
136.6 36.75
137.6 37.25
138.6 37.25
139.7 37.5
140.7 37.5
141.7 37.5
142.7 37.5
143.8 37.75
144.8 37.75
145.8 38.25
146.8 38.5
147.9 38.25
148.9 38.75
149.9 38.75
150.9 38.75
152.0 38.75
153.0 39.0
154.0 38.75
155.0 39.25
156.0 38.75
157.1 39.0
158.1 39.0
159.1 39.25
160.2 39.0
161.2 39.5
162.2 39.5
163.3 39.0
164.3 39.75
165.3 39.75
166.3 40.0
167.4 39.5
168.4 39.75
169.4 40.0
170.4 39.5
171.4 39.75
172.5 39.75
173.5 39.25
174.5 40.5
175.5 40.25
176.6 40.25
177.6 40.25
178.6 40.25
179.6 40.5
180.6 40.0
181.7 40.25
182.7 40.5
183.7 40.5
184.7 40.75
185.7 40.75
186.8 41.0
187.8 40.75
188.8 40.75
189.8 41.25
190.9 41.25
191.9 41.0
192.9 41.25
193.9 40.75
194.9 41.0
196.0 41.0
197.0 41.0
198.0 41.25
199.1 41.25
200.1 41.25
201.1 41.25
202.1 41.5
203.1 41.25
204.2 41.0
205.2 41.5
206.2 41.5
207.3 41.25
208.3 41.25
209.3 41.5
210.3 41.25
211.4 41.75
212.4 41.5
213.4 41.75
214.5 41.75
215.5 41.75
216.5 42.0
217.5 41.75
218.6 41.75
219.6 42.0
220.6 42.25
221.6 42.0
222.7 42.0
223.7 42.0
224.7 42.0
225.8 42.5
226.8 42.5
227.8 42.25
228.9 42.0
229.9 42.25
230.9 42.5
231.9 42.5
232.9 42.5
234.0 42.5
235.0 42.5
236.0 42.75
237.0 42.25
238.1 42.75
239.1 42.5
240.1 42.75
241.1 42.75
242.1 43.0
243.2 43.0
244.2 43.0
245.2 43.25
246.2 43.0
247.3 43.0
248.3 43.0
249.3 43.25
250.3 43.5
251.4 43.0
252.4 43.5
253.4 43.5
254.5 43.5
255.5 43.25
256.5 43.0
257.5 43.25
258.6 43.25
259.6 43.5
260.6 43.25
261.7 43.75
262.7 43.25
263.7 43.5
264.7 43.25
265.8 43.5
266.8 43.25
267.8 43.0
268.8 43.5
269.9 43.5
270.9 43.25
271.9 43.25
272.9 43.25
274.0 43.25
275.0 43.5
276.0 43.5
277.0 43.75
278.1 43.5
279.1 43.5
280.1 43.5
281.1 43.5
282.1 43.5
283.2 43.5
284.2 43.5
285.2 43.5
286.2 43.25
287.3 43.25
288.3 43.5
289.3 43.0
290.3 43.25
291.4 43.5
292.4 43.5
293.4 43.5
294.4 43.5
295.5 43.5
296.5 43.5
297.5 43.5
298.5 43.5
299.6 43.25
300.6 43.0
301.6 43.75
302.6 43.5
303.7 43.75
304.7 43.5
305.7 43.75
306.7 43.75
307.8 43.75
308.8 43.75
309.8 43.0
310.8 43.75
311.9 43.25
312.9 44.0
313.9 43.25
315.0 43.75
316.0 43.5
317.0 44.0
318.0 43.25
319.1 43.25
320.1 44.0
321.1 43.5
322.1 43.75
323.2 43.75
324.2 44.0
325.2 43.5
326.2 43.0
327.3 43.5
328.3 43.5
329.3 43.75
330.3 43.25
331.4 43.5
332.4 43.5
333.4 43.5
334.4 43.5
335.5 43.75
336.5 43.5
337.5 43.5
338.5 43.5
339.5 43.5
340.6 43.75
341.6 43.75
342.6 43.5
343.7 43.75
344.7 43.75
345.7 43.25
346.7 43.75
347.8 44.0
348.8 43.5
349.8 43.75
350.8 43.5
351.8 43.75
352.9 43.75
353.9 44.0
354.9 43.75
355.9 44.0
357.0 43.75
358.0 44.0
359.0 43.75
360.0 44.0
361.1 43.75
