0.0 26.0
1.0 26.0
2.1 25.75
3.1 25.75
4.1 25.5
5.2 25.75
6.2 25.75
7.2 26.25
8.2 26.25
9.3 26.0
10.3 26.25
11.3 26.0
12.3 26.25
13.4 26.25
14.4 26.0
15.4 26.0
16.4 26.25
17.5 26.25
18.5 26.25
19.5 26.5
20.5 26.25
21.6 26.75
22.6 26.5
23.6 26.5
24.7 26.25
25.7 26.0
26.7 26.25
27.7 26.75
28.8 26.75
29.8 26.5
30.8 27.0
31.9 27.0
32.9 27.0
33.9 27.0
35.0 27.0
36.0 27.0
37.0 27.0
38.0 27.0
39.1 27.25
40.1 27.0
41.1 27.25
42.1 26.5
43.2 27.5
44.2 27.0
45.2 27.25
46.2 27.5
47.2 27.25
48.3 27.5
49.3 27.5
50.3 27.5
51.4 27.75
52.4 28.0
53.4 27.5
54.4 28.25
55.4 27.75
56.5 28.5
57.5 28.5
58.5 28.5
59.6 28.5
60.6 28.5
61.6 28.25
62.6 28.5
63.7 28.75
64.7 27.75
65.7 28.5
66.7 28.75
67.7 28.75
68.8 29.0
69.8 29.0
70.8 29.25
71.8 29.5
72.9 29.0
73.9 29.5
74.9 30.0
75.9 29.75
77.0 30.0
78.0 29.5
79.0 29.75
80.0 30.25
81.0 30.5
82.1 30.25
83.1 30.25
84.1 30.75
85.1 31.25
86.2 31.25
87.2 32.25
88.2 32.5
89.3 33.0
90.3 33.0
91.3 33.0
92.4 33.5
93.4 33.25
94.4 33.5
95.4 33.75
96.5 33.75
97.5 33.75
98.5 33.5
99.5 34.0
100.6 34.0
101.6 33.5
102.6 34.0
103.6 34.0
104.6 34.0
105.7 34.0
106.7 34.25
107.7 34.75
108.7 34.75
109.8 34.5
110.8 34.25
111.8 35.0
112.8 35.25
113.8 35.0
114.9 35.0
115.9 35.5
116.9 35.5
118.0 35.25
119.0 35.25
120.0 35.75
121.0 35.75
122.1 35.5
123.1 36.0
124.1 36.0
125.2 36.0
126.2 36.0
127.2 36.0
128.2 36.25
129.3 36.0
130.3 36.5
131.3 36.75
132.3 36.5
133.4 37.0
134.4 36.75
135.4 36.75
136.4 36.75
137.5 37.25
138.5 37.25
139.5 37.25
140.6 37.5
141.6 37.5
142.6 37.25
143.6 37.75
144.7 37.5
145.7 37.75
146.7 38.25
147.7 38.0
148.8 38.25
149.8 38.5
150.8 38.5
151.9 38.5
152.9 38.5
153.9 38.75
154.9 38.75
156.0 38.5
157.0 38.75
158.0 38.75
159.0 38.75
160.1 38.5
161.1 38.5
162.1 39.0
163.1 39.0
164.2 39.0
165.2 39.25
166.2 39.5
167.2 39.75
168.3 39.25
169.3 39.75
170.3 39.5
171.4 39.75
172.4 39.75
173.4 39.5
174.5 39.75
175.5 40.0
176.5 40.0
177.5 40.25
178.6 39.75
179.6 39.5
180.6 40.0
181.6 39.5
182.6 40.25
183.7 40.25
184.7 40.25
185.7 40.25
186.7 40.0
187.8 40.5
188.8 40.25
189.8 40.25
190.9 40.25
191.9 40.25
0.0 40.5
1.0 40.5
2.1 40.5
3.1 40.75
4.1 40.75
5.1 41.0
6.2 40.5
7.2 41.0
8.2 40.75
9.2 41.0
10.3 40.75
11.3 40.25
12.3 40.75
0.0 41.0
1.0 40.75
2.1 40.5
3.1 40.75
4.1 42.0
5.1 44.75
6.1 40.25
7.2 46.5
8.2 46.25
9.2 46.5
10.2 46.5
11.3 46.25
12.3 46.25
13.3 46.0
14.3 46.5
15.4 46.5
16.4 46.25
17.4 46.25
18.4 46.0
19.5 46.25
20.5 46.5
21.5 46.25
22.5 46.75
23.6 46.5
24.6 46.5
25.6 46.5
26.7 46.75
27.7 46.75
28.7 46.75
29.7 46.25
30.8 46.75
31.8 46.0
32.8 46.0
33.8 46.5
34.9 46.75
35.9 46.75
36.9 46.25
38.0 46.5
39.0 46.75
40.0 46.5
41.0 46.75
42.1 46.5
43.1 46.5
44.1 46.75
45.1 46.5
46.2 46.5
47.2 46.5
48.2 46.25
49.2 46.75
50.2 46.75
51.3 46.75
52.3 46.75
53.3 47.0
54.3 47.0
55.4 46.75
56.4 47.0
57.4 46.75
58.5 46.75
59.5 47.0
60.5 47.0
61.6 47.0
62.6 46.75
63.6 46.75
64.6 47.25
65.7 47.25
66.7 47.0
67.7 47.25
68.7 46.75
69.8 47.25
70.8 47.0
71.8 46.5
72.8 47.25
73.9 47.5
74.9 47.25
75.9 47.0
76.9 47.25
78.0 47.25
79.0 47.5
80.0 47.25
81.0 47.25
82.1 47.0
83.1 47.25
84.1 47.25
85.1 47.25
86.2 47.25
87.2 47.25
88.2 47.25
89.2 47.25
90.2 47.0
91.3 47.25
92.3 47.5
93.3 47.0
94.3 47.25
95.4 47.25
96.4 47.25
97.4 47.5
98.4 47.0
99.5 47.5
100.5 47.25
101.5 47.5
102.5 47.0
103.5 47.5
104.6 47.75
105.6 47.5
106.6 47.5
107.7 47.5
108.7 47.75
109.7 48.0
110.8 48.0
111.8 47.25
112.8 47.5
113.9 47.5
114.9 47.5
115.9 47.5
116.9 47.5
118.0 47.5
119.0 47.25
120.0 47.5
121.0 47.25
122.0 47.0
123.1 47.75
124.1 47.75
125.1 47.5
126.1 47.5
127.2 47.75
128.2 47.75
129.2 47.75
130.2 47.25
131.2 47.75
132.3 47.75
133.3 47.75
134.3 48.0
