0.000000000000000000e+00 3.000000000000000000e+01
1.000000000000000000e+00 3.000000000000000000e+01
2.100000000000000089e+00 3.000000000000000000e+01
3.100000000000000089e+00 3.000000000000000000e+01
4.099999999999999645e+00 3.000000000000000000e+01
5.099999999999999645e+00 3.000000000000000000e+01
6.200000000000000178e+00 2.975000000000000000e+01
7.200000000000000178e+00 3.000000000000000000e+01
8.199999999999999289e+00 2.975000000000000000e+01
9.199999999999999289e+00 3.000000000000000000e+01
1.030000000000000071e+01 2.975000000000000000e+01
1.130000000000000071e+01 3.025000000000000000e+01
1.230000000000000071e+01 2.950000000000000000e+01
1.330000000000000071e+01 3.000000000000000000e+01
1.440000000000000036e+01 3.000000000000000000e+01
1.540000000000000036e+01 3.000000000000000000e+01
1.639999999999999858e+01 3.000000000000000000e+01
1.750000000000000000e+01 2.975000000000000000e+01
1.850000000000000000e+01 3.000000000000000000e+01
1.950000000000000000e+01 3.000000000000000000e+01
0.000000000000000000e+00 2.975000000000000000e+01
1.600000000000001421e+00 3.000000000000000000e+01
2.600000000000001421e+00 3.000000000000000000e+01
3.600000000000001421e+00 2.975000000000000000e+01
4.600000000000001421e+00 2.975000000000000000e+01
5.699999999999999289e+00 2.975000000000000000e+01
6.699999999999999289e+00 3.000000000000000000e+01
7.699999999999999289e+00 2.975000000000000000e+01
8.699999999999999289e+00 3.000000000000000000e+01
9.699999999999999289e+00 3.000000000000000000e+01
1.080000000000000071e+01 2.975000000000000000e+01
1.180000000000000071e+01 3.000000000000000000e+01
1.279999999999999716e+01 3.000000000000000000e+01
1.379999999999999716e+01 3.000000000000000000e+01
1.479999999999999716e+01 3.025000000000000000e+01
1.589999999999999858e+01 2.975000000000000000e+01
1.689999999999999858e+01 2.975000000000000000e+01
1.789999999999999858e+01 2.975000000000000000e+01
1.800000000000000000e+01 3.025000000000000000e+01
1.900000000000000000e+01 3.000000000000000000e+01
2.000000000000000000e+01 3.025000000000000000e+01
2.100000000000000000e+01 3.025000000000000000e+01
2.210000000000000142e+01 3.025000000000000000e+01
2.310000000000000142e+01 3.000000000000000000e+01
2.410000000000000142e+01 3.025000000000000000e+01
2.510000000000000142e+01 2.975000000000000000e+01
2.620000000000000284e+01 3.025000000000000000e+01
2.720000000000000284e+01 3.050000000000000000e+01
2.820000000000000284e+01 3.025000000000000000e+01
2.920000000000000284e+01 3.025000000000000000e+01
3.029999999999999716e+01 3.050000000000000000e+01
3.129999999999999716e+01 3.025000000000000000e+01
3.229999999999999716e+01 3.025000000000000000e+01
3.329999999999999716e+01 3.050000000000000000e+01
3.439999999999999858e+01 3.075000000000000000e+01
3.539999999999999858e+01 3.000000000000000000e+01
3.639999999999999858e+01 3.025000000000000000e+01
3.739999999999999858e+01 3.050000000000000000e+01
3.850000000000000000e+01 3.050000000000000000e+01
3.950000000000000000e+01 3.050000000000000000e+01
4.050000000000000000e+01 3.050000000000000000e+01
4.160000000000000142e+01 3.050000000000000000e+01
4.260000000000000142e+01 3.025000000000000000e+01
4.359999999999999432e+01 3.075000000000000000e+01
4.459999999999999432e+01 3.075000000000000000e+01
4.559999999999999432e+01 3.075000000000000000e+01
4.670000000000000284e+01 3.100000000000000000e+01
4.770000000000000284e+01 3.100000000000000000e+01
4.870000000000000284e+01 3.100000000000000000e+01
4.970000000000000284e+01 3.100000000000000000e+01
5.079999999999999716e+01 3.100000000000000000e+01
5.179999999999999716e+01 3.150000000000000000e+01
5.279999999999999716e+01 3.175000000000000000e+01
5.379999999999999716e+01 3.175000000000000000e+01
5.479999999999999716e+01 3.175000000000000000e+01
5.590000000000000568e+01 3.125000000000000000e+01
5.690000000000000568e+01 3.125000000000000000e+01
5.790000000000000568e+01 3.150000000000000000e+01
5.890000000000000568e+01 3.150000000000000000e+01
5.900000000000000000e+01 3.175000000000000000e+01
6.000000000000000000e+01 3.150000000000000000e+01
6.100000000000000000e+01 3.175000000000000000e+01
6.200000000000000000e+01 3.200000000000000000e+01
6.309999999999999432e+01 3.225000000000000000e+01
6.409999999999999432e+01 3.200000000000000000e+01
6.509999999999999432e+01 3.225000000000000000e+01
6.609999999999999432e+01 3.225000000000000000e+01
6.720000000000000284e+01 3.225000000000000000e+01
6.820000000000000284e+01 3.225000000000000000e+01
6.920000000000000284e+01 3.225000000000000000e+01
7.020000000000000284e+01 3.225000000000000000e+01
7.120000000000000284e+01 3.175000000000000000e+01
7.229999999999999716e+01 3.250000000000000000e+01
7.329999999999999716e+01 3.275000000000000000e+01
7.429999999999999716e+01 3.225000000000000000e+01
7.529999999999999716e+01 3.225000000000000000e+01
7.640000000000000568e+01 3.300000000000000000e+01
7.740000000000000568e+01 3.300000000000000000e+01
7.840000000000000568e+01 3.250000000000000000e+01
7.940000000000000568e+01 3.300000000000000000e+01
8.050000000000000000e+01 3.275000000000000000e+01
8.150000000000000000e+01 3.250000000000000000e+01
8.250000000000000000e+01 3.325000000000000000e+01
8.359999999999999432e+01 3.300000000000000000e+01
8.459999999999999432e+01 3.325000000000000000e+01
8.559999999999999432e+01 3.300000000000000000e+01
8.659999999999999432e+01 3.350000000000000000e+01
8.770000000000000284e+01 3.350000000000000000e+01
8.870000000000000284e+01 3.375000000000000000e+01
8.970000000000000284e+01 3.350000000000000000e+01
9.079999999999999716e+01 3.300000000000000000e+01
9.179999999999999716e+01 3.350000000000000000e+01
9.279999999999999716e+01 3.325000000000000000e+01
9.379999999999999716e+01 3.350000000000000000e+01
9.490000000000000568e+01 3.350000000000000000e+01
9.590000000000000568e+01 3.350000000000000000e+01
9.690000000000000568e+01 3.400000000000000000e+01
9.700000000000000000e+01 3.425000000000000000e+01
9.800000000000000000e+01 3.425000000000000000e+01
9.900000000000000000e+01 3.400000000000000000e+01
1.000000000000000000e+02 3.425000000000000000e+01
1.010000000000000000e+02 3.425000000000000000e+01
1.020999999999999943e+02 3.425000000000000000e+01
1.030999999999999943e+02 3.425000000000000000e+01
1.040999999999999943e+02 3.450000000000000000e+01
1.050999999999999943e+02 3.450000000000000000e+01
1.060999999999999943e+02 3.425000000000000000e+01
1.071999999999999886e+02 3.450000000000000000e+01
1.081999999999999886e+02 3.450000000000000000e+01
1.091999999999999886e+02 3.450000000000000000e+01
1.101999999999999886e+02 3.450000000000000000e+01
1.113000000000000114e+02 3.425000000000000000e+01
1.123000000000000114e+02 3.425000000000000000e+01
1.133000000000000114e+02 3.425000000000000000e+01
1.143000000000000114e+02 3.475000000000000000e+01
1.153000000000000114e+02 3.425000000000000000e+01
1.164000000000000057e+02 3.500000000000000000e+01
1.174000000000000057e+02 3.500000000000000000e+01
1.184000000000000057e+02 3.450000000000000000e+01
1.194000000000000057e+02 3.500000000000000000e+01
1.205000000000000000e+02 3.500000000000000000e+01
1.215000000000000000e+02 3.500000000000000000e+01
1.225000000000000000e+02 3.525000000000000000e+01
1.235000000000000000e+02 3.475000000000000000e+01
1.245999999999999943e+02 3.525000000000000000e+01
1.255999999999999943e+02 3.525000000000000000e+01
1.265999999999999943e+02 3.525000000000000000e+01
1.275999999999999943e+02 3.475000000000000000e+01
1.285999999999999943e+02 3.525000000000000000e+01
1.296999999999999886e+02 3.525000000000000000e+01
1.306999999999999886e+02 3.525000000000000000e+01
1.316999999999999886e+02 3.525000000000000000e+01
1.326999999999999886e+02 3.525000000000000000e+01
1.338000000000000114e+02 3.525000000000000000e+01
1.348000000000000114e+02 3.525000000000000000e+01
1.358000000000000114e+02 3.475000000000000000e+01
1.368000000000000114e+02 3.550000000000000000e+01
1.379000000000000057e+02 3.550000000000000000e+01
1.389000000000000057e+02 3.550000000000000000e+01
1.399000000000000057e+02 3.525000000000000000e+01
1.409000000000000057e+02 3.575000000000000000e+01
1.410000000000000000e+02 3.550000000000000000e+01
1.420000000000000000e+02 3.550000000000000000e+01
1.430000000000000000e+02 3.550000000000000000e+01
1.440999999999999943e+02 3.525000000000000000e+01
1.450999999999999943e+02 3.550000000000000000e+01
1.460999999999999943e+02 3.575000000000000000e+01
1.471999999999999886e+02 3.575000000000000000e+01
1.481999999999999886e+02 3.575000000000000000e+01
1.491999999999999886e+02 3.550000000000000000e+01
1.503000000000000114e+02 3.575000000000000000e+01
1.513000000000000114e+02 3.575000000000000000e+01
1.523000000000000114e+02 3.575000000000000000e+01
1.533000000000000114e+02 3.575000000000000000e+01
1.544000000000000057e+02 3.550000000000000000e+01
1.554000000000000057e+02 3.575000000000000000e+01
1.564000000000000057e+02 3.600000000000000000e+01
1.575000000000000000e+02 3.575000000000000000e+01
1.585000000000000000e+02 3.550000000000000000e+01
1.595000000000000000e+02 3.550000000000000000e+01
1.605000000000000000e+02 3.575000000000000000e+01
1.615000000000000000e+02 3.575000000000000000e+01
1.625999999999999943e+02 3.550000000000000000e+01
1.635999999999999943e+02 3.550000000000000000e+01
1.645999999999999943e+02 3.575000000000000000e+01
1.655999999999999943e+02 3.550000000000000000e+01
1.666999999999999886e+02 3.550000000000000000e+01
1.676999999999999886e+02 3.525000000000000000e+01
1.686999999999999886e+02 3.575000000000000000e+01
1.696999999999999886e+02 3.575000000000000000e+01
1.708000000000000114e+02 3.600000000000000000e+01
1.718000000000000114e+02 3.550000000000000000e+01
1.728000000000000114e+02 3.600000000000000000e+01
1.738000000000000114e+02 3.600000000000000000e+01
1.748000000000000114e+02 3.600000000000000000e+01
1.759000000000000057e+02 3.550000000000000000e+01
1.769000000000000057e+02 3.575000000000000000e+01
1.779000000000000057e+02 3.600000000000000000e+01
1.780000000000000000e+02 3.575000000000000000e+01
1.790000000000000000e+02 3.550000000000000000e+01
1.800000000000000000e+02 3.600000000000000000e+01
1.810000000000000000e+02 3.575000000000000000e+01
1.820999999999999943e+02 3.600000000000000000e+01
1.830999999999999943e+02 3.575000000000000000e+01
1.840999999999999943e+02 3.600000000000000000e+01
1.850999999999999943e+02 3.575000000000000000e+01
1.861999999999999886e+02 3.525000000000000000e+01
1.871999999999999886e+02 3.575000000000000000e+01
1.881999999999999886e+02 3.625000000000000000e+01
1.891999999999999886e+02 3.600000000000000000e+01
1.903000000000000114e+02 3.575000000000000000e+01
1.913000000000000114e+02 3.600000000000000000e+01
1.923000000000000114e+02 3.600000000000000000e+01
1.933000000000000114e+02 3.600000000000000000e+01
1.944000000000000057e+02 3.600000000000000000e+01
1.954000000000000057e+02 3.600000000000000000e+01
1.964000000000000057e+02 3.550000000000000000e+01
1.974000000000000057e+02 3.600000000000000000e+01
1.985000000000000000e+02 3.625000000000000000e+01
1.995000000000000000e+02 3.600000000000000000e+01
2.005000000000000000e+02 3.600000000000000000e+01
2.015000000000000000e+02 3.575000000000000000e+01
2.025999999999999943e+02 3.575000000000000000e+01
2.035999999999999943e+02 3.600000000000000000e+01
2.045999999999999943e+02 3.600000000000000000e+01
2.055999999999999943e+02 3.625000000000000000e+01
2.066999999999999886e+02 3.575000000000000000e+01
2.076999999999999886e+02 3.600000000000000000e+01
2.086999999999999886e+02 3.600000000000000000e+01
2.096999999999999886e+02 3.625000000000000000e+01
2.106999999999999886e+02 3.600000000000000000e+01
2.118000000000000114e+02 3.625000000000000000e+01
2.128000000000000114e+02 3.600000000000000000e+01
2.138000000000000114e+02 3.600000000000000000e+01
2.148000000000000114e+02 3.600000000000000000e+01
2.159000000000000057e+02 3.600000000000000000e+01
2.169000000000000057e+02 3.600000000000000000e+01
2.179000000000000057e+02 3.600000000000000000e+01
2.189000000000000057e+02 3.625000000000000000e+01
2.190000000000000000e+02 3.550000000000000000e+01
2.200000000000000000e+02 3.600000000000000000e+01
2.210000000000000000e+02 3.625000000000000000e+01
2.220000000000000000e+02 3.575000000000000000e+01
2.230999999999999943e+02 3.600000000000000000e+01
2.240999999999999943e+02 3.600000000000000000e+01
2.250999999999999943e+02 3.550000000000000000e+01
2.261999999999999886e+02 3.600000000000000000e+01
2.271999999999999886e+02 3.625000000000000000e+01
2.281999999999999886e+02 3.600000000000000000e+01
2.291999999999999886e+02 3.600000000000000000e+01
2.303000000000000114e+02 3.600000000000000000e+01
2.313000000000000114e+02 3.600000000000000000e+01
2.323000000000000114e+02 3.575000000000000000e+01
2.333999999999999773e+02 3.625000000000000000e+01
2.343999999999999773e+02 3.575000000000000000e+01
2.353999999999999773e+02 3.550000000000000000e+01
2.363999999999999773e+02 3.575000000000000000e+01
0.000000000000000000e+00 3.600000000000000000e+01
1.500000000000000000e+00 3.600000000000000000e+01
2.500000000000000000e+00 3.525000000000000000e+01
3.500000000000000000e+00 3.575000000000000000e+01
4.600000000000022737e+00 3.575000000000000000e+01
5.600000000000022737e+00 3.575000000000000000e+01
6.600000000000022737e+00 3.575000000000000000e+01
7.600000000000022737e+00 3.575000000000000000e+01
8.699999999999988631e+00 3.600000000000000000e+01
9.699999999999988631e+00 3.575000000000000000e+01
1.069999999999998863e+01 3.550000000000000000e+01
1.180000000000001137e+01 3.575000000000000000e+01
1.280000000000001137e+01 3.550000000000000000e+01
1.380000000000001137e+01 3.575000000000000000e+01
1.489999999999997726e+01 3.600000000000000000e+01
1.589999999999997726e+01 3.575000000000000000e+01
1.689999999999997726e+01 3.575000000000000000e+01
1.700000000000000000e+01 3.550000000000000000e+01
1.800000000000000000e+01 3.575000000000000000e+01
1.900000000000000000e+01 3.525000000000000000e+01
2.000000000000000000e+01 3.600000000000000000e+01
2.110000000000002274e+01 3.575000000000000000e+01
2.210000000000002274e+01 3.575000000000000000e+01
2.310000000000002274e+01 3.575000000000000000e+01
2.419999999999998863e+01 3.575000000000000000e+01
2.519999999999998863e+01 3.525000000000000000e+01
2.619999999999998863e+01 3.525000000000000000e+01
2.730000000000001137e+01 3.575000000000000000e+01
2.830000000000001137e+01 3.575000000000000000e+01
2.930000000000001137e+01 3.575000000000000000e+01
3.030000000000001137e+01 3.500000000000000000e+01
3.139999999999997726e+01 3.575000000000000000e+01
3.239999999999997726e+01 3.550000000000000000e+01
3.339999999999997726e+01 3.550000000000000000e+01
3.439999999999997726e+01 3.575000000000000000e+01
3.539999999999997726e+01 3.525000000000000000e+01
3.650000000000000000e+01 3.550000000000000000e+01
3.750000000000000000e+01 3.550000000000000000e+01
3.850000000000000000e+01 3.525000000000000000e+01
3.960000000000002274e+01 3.500000000000000000e+01
4.060000000000002274e+01 3.550000000000000000e+01
4.160000000000002274e+01 3.550000000000000000e+01
4.260000000000002274e+01 3.525000000000000000e+01
4.369999999999998863e+01 3.550000000000000000e+01
4.469999999999998863e+01 3.550000000000000000e+01
4.569999999999998863e+01 3.550000000000000000e+01
4.680000000000001137e+01 3.550000000000000000e+01
4.780000000000001137e+01 3.525000000000000000e+01
4.880000000000001137e+01 3.575000000000000000e+01
4.980000000000001137e+01 3.575000000000000000e+01
5.089999999999997726e+01 3.550000000000000000e+01
5.189999999999997726e+01 3.550000000000000000e+01
5.289999999999997726e+01 3.575000000000000000e+01
5.300000000000000000e+01 3.600000000000000000e+01
5.400000000000000000e+01 3.575000000000000000e+01
5.500000000000000000e+01 3.550000000000000000e+01
5.600000000000000000e+01 3.600000000000000000e+01
5.700000000000000000e+01 3.550000000000000000e+01
5.810000000000002274e+01 3.600000000000000000e+01
5.910000000000002274e+01 3.600000000000000000e+01
6.010000000000002274e+01 3.600000000000000000e+01
6.110000000000002274e+01 3.575000000000000000e+01
6.210000000000002274e+01 3.575000000000000000e+01
6.319999999999998863e+01 3.575000000000000000e+01
6.419999999999998863e+01 3.600000000000000000e+01
6.519999999999998863e+01 3.600000000000000000e+01
6.619999999999998863e+01 3.575000000000000000e+01
6.730000000000001137e+01 3.575000000000000000e+01
6.830000000000001137e+01 3.575000000000000000e+01
6.930000000000001137e+01 3.550000000000000000e+01
7.030000000000001137e+01 3.600000000000000000e+01
7.130000000000001137e+01 3.525000000000000000e+01
7.239999999999997726e+01 3.600000000000000000e+01
7.339999999999997726e+01 3.575000000000000000e+01
7.439999999999997726e+01 3.550000000000000000e+01
7.550000000000000000e+01 3.550000000000000000e+01
7.650000000000000000e+01 3.525000000000000000e+01
7.750000000000000000e+01 3.575000000000000000e+01
7.850000000000000000e+01 3.550000000000000000e+01
7.960000000000002274e+01 3.575000000000000000e+01
8.060000000000002274e+01 3.550000000000000000e+01
8.160000000000002274e+01 3.500000000000000000e+01
8.260000000000002274e+01 3.525000000000000000e+01
8.360000000000002274e+01 3.550000000000000000e+01
8.469999999999998863e+01 3.575000000000000000e+01
8.569999999999998863e+01 3.575000000000000000e+01
8.669999999999998863e+01 3.575000000000000000e+01
8.780000000000001137e+01 3.575000000000000000e+01
8.880000000000001137e+01 3.525000000000000000e+01
8.980000000000001137e+01 3.575000000000000000e+01
9.080000000000001137e+01 3.550000000000000000e+01
9.189999999999997726e+01 3.575000000000000000e+01
9.289999999999997726e+01 3.550000000000000000e+01
9.389999999999997726e+01 3.525000000000000000e+01
9.489999999999997726e+01 3.550000000000000000e+01
9.500000000000000000e+01 3.525000000000000000e+01
