0.000000000000000000e+00 2.975000000000000000e+01
0.000000000000000000e+00 3.025000000000000000e+01
1.100000000000000089e+00 3.000000000000000000e+01
2.100000000000000089e+00 2.975000000000000000e+01
3.099999999999999645e+00 3.000000000000000000e+01
4.099999999999999645e+00 3.000000000000000000e+01
5.099999999999999645e+00 2.975000000000000000e+01
6.200000000000000178e+00 3.050000000000000000e+01
7.199999999999999289e+00 3.050000000000000000e+01
8.199999999999999289e+00 3.050000000000000000e+01
9.199999999999999289e+00 3.050000000000000000e+01
1.030000000000000071e+01 3.025000000000000000e+01
1.130000000000000071e+01 3.000000000000000000e+01
1.230000000000000071e+01 3.025000000000000000e+01
1.340000000000000036e+01 3.000000000000000000e+01
1.440000000000000036e+01 3.025000000000000000e+01
1.539999999999999858e+01 3.050000000000000000e+01
1.639999999999999858e+01 3.050000000000000000e+01
1.750000000000000000e+01 3.050000000000000000e+01
1.850000000000000000e+01 3.025000000000000000e+01
1.950000000000000000e+01 3.025000000000000000e+01
2.050000000000000000e+01 3.050000000000000000e+01
2.160000000000000142e+01 2.975000000000000000e+01
2.260000000000000142e+01 3.025000000000000000e+01
2.360000000000000142e+01 3.025000000000000000e+01
2.469999999999999929e+01 3.050000000000000000e+01
2.569999999999999929e+01 3.050000000000000000e+01
2.669999999999999929e+01 3.000000000000000000e+01
2.769999999999999929e+01 3.000000000000000000e+01
2.880000000000000071e+01 3.075000000000000000e+01
2.980000000000000071e+01 3.075000000000000000e+01
3.080000000000000071e+01 3.000000000000000000e+01
3.179999999999999716e+01 3.075000000000000000e+01
3.200000000000000000e+01 3.075000000000000000e+01
3.300000000000000000e+01 3.125000000000000000e+01
3.410000000000000142e+01 3.100000000000000000e+01
3.510000000000000142e+01 3.125000000000000000e+01
3.610000000000000142e+01 3.050000000000000000e+01
3.710000000000000142e+01 3.125000000000000000e+01
3.820000000000000284e+01 3.100000000000000000e+01
3.920000000000000284e+01 3.150000000000000000e+01
4.020000000000000284e+01 3.100000000000000000e+01
4.120000000000000284e+01 3.175000000000000000e+01
4.229999999999999716e+01 3.150000000000000000e+01
4.329999999999999716e+01 3.200000000000000000e+01
4.429999999999999716e+01 3.175000000000000000e+01
4.539999999999999858e+01 3.175000000000000000e+01
4.639999999999999858e+01 3.200000000000000000e+01
4.739999999999999858e+01 3.200000000000000000e+01
4.839999999999999858e+01 3.150000000000000000e+01
4.939999999999999858e+01 3.175000000000000000e+01
5.050000000000000000e+01 3.175000000000000000e+01
5.150000000000000000e+01 3.225000000000000000e+01
5.250000000000000000e+01 3.175000000000000000e+01
5.350000000000000000e+01 3.225000000000000000e+01
5.450000000000000000e+01 3.250000000000000000e+01
5.560000000000000142e+01 3.225000000000000000e+01
5.660000000000000142e+01 3.275000000000000000e+01
5.760000000000000142e+01 3.275000000000000000e+01
5.860000000000000142e+01 3.225000000000000000e+01
5.970000000000000284e+01 3.300000000000000000e+01
6.070000000000000284e+01 3.325000000000000000e+01
6.170000000000000284e+01 3.300000000000000000e+01
6.270000000000000284e+01 3.325000000000000000e+01
6.379999999999999716e+01 3.350000000000000000e+01
6.479999999999999716e+01 3.350000000000000000e+01
6.579999999999999716e+01 3.325000000000000000e+01
6.690000000000000568e+01 3.375000000000000000e+01
6.790000000000000568e+01 3.375000000000000000e+01
6.890000000000000568e+01 3.425000000000000000e+01
6.990000000000000568e+01 3.375000000000000000e+01
7.000000000000000000e+01 3.425000000000000000e+01
7.100000000000000000e+01 3.425000000000000000e+01
7.200000000000000000e+01 3.425000000000000000e+01
7.309999999999999432e+01 3.425000000000000000e+01
7.409999999999999432e+01 3.425000000000000000e+01
7.509999999999999432e+01 3.500000000000000000e+01
7.620000000000000284e+01 3.500000000000000000e+01
7.720000000000000284e+01 3.500000000000000000e+01
7.820000000000000284e+01 3.500000000000000000e+01
7.920000000000000284e+01 3.500000000000000000e+01
8.020000000000000284e+01 3.500000000000000000e+01
8.129999999999999716e+01 3.525000000000000000e+01
8.229999999999999716e+01 3.550000000000000000e+01
8.329999999999999716e+01 3.575000000000000000e+01
8.429999999999999716e+01 3.550000000000000000e+01
8.540000000000000568e+01 3.575000000000000000e+01
8.640000000000000568e+01 3.600000000000000000e+01
8.740000000000000568e+01 3.600000000000000000e+01
8.840000000000000568e+01 3.600000000000000000e+01
8.940000000000000568e+01 3.625000000000000000e+01
9.050000000000000000e+01 3.625000000000000000e+01
9.150000000000000000e+01 3.650000000000000000e+01
9.250000000000000000e+01 3.650000000000000000e+01
9.359999999999999432e+01 3.700000000000000000e+01
9.459999999999999432e+01 3.675000000000000000e+01
9.559999999999999432e+01 3.675000000000000000e+01
9.659999999999999432e+01 3.675000000000000000e+01
9.770000000000000284e+01 3.725000000000000000e+01
9.870000000000000284e+01 3.675000000000000000e+01
9.970000000000000284e+01 3.700000000000000000e+01
1.007000000000000028e+02 3.750000000000000000e+01
1.017999999999999972e+02 3.775000000000000000e+01
1.027999999999999972e+02 3.775000000000000000e+01
1.037999999999999972e+02 3.800000000000000000e+01
1.049000000000000057e+02 3.800000000000000000e+01
1.059000000000000057e+02 3.775000000000000000e+01
1.069000000000000057e+02 3.825000000000000000e+01
1.079000000000000057e+02 3.825000000000000000e+01
1.080000000000000000e+02 3.825000000000000000e+01
1.090000000000000000e+02 3.850000000000000000e+01
1.100000000000000000e+02 3.850000000000000000e+01
1.110000000000000000e+02 3.875000000000000000e+01
1.120000000000000000e+02 3.925000000000000000e+01
1.130999999999999943e+02 3.875000000000000000e+01
1.140999999999999943e+02 3.900000000000000000e+01
1.150999999999999943e+02 3.900000000000000000e+01
1.160999999999999943e+02 3.950000000000000000e+01
1.172000000000000028e+02 3.950000000000000000e+01
1.182000000000000028e+02 3.950000000000000000e+01
1.192000000000000028e+02 3.950000000000000000e+01
1.202000000000000028e+02 3.950000000000000000e+01
1.212999999999999972e+02 4.000000000000000000e+01
1.222999999999999972e+02 4.000000000000000000e+01
1.232999999999999972e+02 4.025000000000000000e+01
1.242999999999999972e+02 4.025000000000000000e+01
1.254000000000000057e+02 4.025000000000000000e+01
1.264000000000000057e+02 4.025000000000000000e+01
1.274000000000000057e+02 4.075000000000000000e+01
1.284000000000000057e+02 4.050000000000000000e+01
1.295000000000000000e+02 4.075000000000000000e+01
1.305000000000000000e+02 4.100000000000000000e+01
1.315000000000000000e+02 4.075000000000000000e+01
1.325000000000000000e+02 4.125000000000000000e+01
1.335999999999999943e+02 4.125000000000000000e+01
1.345999999999999943e+02 4.075000000000000000e+01
1.355999999999999943e+02 4.150000000000000000e+01
1.366999999999999886e+02 4.175000000000000000e+01
1.376999999999999886e+02 4.175000000000000000e+01
1.386999999999999886e+02 4.150000000000000000e+01
1.398000000000000114e+02 4.175000000000000000e+01
1.408000000000000114e+02 4.200000000000000000e+01
1.418000000000000114e+02 4.200000000000000000e+01
1.429000000000000057e+02 4.200000000000000000e+01
1.439000000000000057e+02 4.175000000000000000e+01
1.449000000000000057e+02 4.225000000000000000e+01
1.459000000000000057e+02 4.225000000000000000e+01
1.460000000000000000e+02 4.225000000000000000e+01
1.470000000000000000e+02 4.225000000000000000e+01
1.480000000000000000e+02 4.250000000000000000e+01
1.490999999999999943e+02 4.225000000000000000e+01
1.500999999999999943e+02 4.275000000000000000e+01
1.510999999999999943e+02 4.225000000000000000e+01
1.521999999999999886e+02 4.275000000000000000e+01
1.531999999999999886e+02 4.250000000000000000e+01
1.541999999999999886e+02 4.275000000000000000e+01
1.551999999999999886e+02 4.275000000000000000e+01
1.561999999999999886e+02 4.250000000000000000e+01
1.573000000000000114e+02 4.275000000000000000e+01
1.583000000000000114e+02 4.325000000000000000e+01
1.593000000000000114e+02 4.325000000000000000e+01
1.604000000000000057e+02 4.300000000000000000e+01
1.614000000000000057e+02 4.300000000000000000e+01
1.624000000000000057e+02 4.325000000000000000e+01
1.634000000000000057e+02 4.300000000000000000e+01
1.645000000000000000e+02 4.350000000000000000e+01
1.655000000000000000e+02 4.325000000000000000e+01
1.665000000000000000e+02 4.350000000000000000e+01
1.675000000000000000e+02 4.350000000000000000e+01
1.685999999999999943e+02 4.375000000000000000e+01
1.695999999999999943e+02 4.375000000000000000e+01
1.705999999999999943e+02 4.350000000000000000e+01
1.715999999999999943e+02 4.400000000000000000e+01
1.726999999999999886e+02 4.400000000000000000e+01
1.736999999999999886e+02 4.425000000000000000e+01
1.748000000000000114e+02 4.400000000000000000e+01
1.758000000000000114e+02 4.350000000000000000e+01
1.768000000000000114e+02 4.450000000000000000e+01
1.778000000000000114e+02 4.450000000000000000e+01
1.789000000000000057e+02 4.450000000000000000e+01
1.799000000000000057e+02 4.450000000000000000e+01
1.809000000000000057e+02 4.450000000000000000e+01
1.819000000000000057e+02 4.475000000000000000e+01
1.829000000000000057e+02 4.475000000000000000e+01
1.830000000000000000e+02 4.475000000000000000e+01
1.840000000000000000e+02 4.475000000000000000e+01
1.850000000000000000e+02 4.525000000000000000e+01
1.860000000000000000e+02 4.500000000000000000e+01
1.870999999999999943e+02 4.525000000000000000e+01
1.880999999999999943e+02 4.550000000000000000e+01
1.890999999999999943e+02 4.550000000000000000e+01
1.900999999999999943e+02 4.550000000000000000e+01
1.910999999999999943e+02 4.525000000000000000e+01
1.921999999999999886e+02 4.525000000000000000e+01
1.931999999999999886e+02 4.525000000000000000e+01
1.941999999999999886e+02 4.550000000000000000e+01
1.951999999999999886e+02 4.575000000000000000e+01
1.963000000000000114e+02 4.525000000000000000e+01
1.973000000000000114e+02 4.575000000000000000e+01
1.983000000000000114e+02 4.575000000000000000e+01
1.993000000000000114e+02 4.575000000000000000e+01
2.004000000000000057e+02 4.575000000000000000e+01
2.014000000000000057e+02 4.625000000000000000e+01
2.024000000000000057e+02 4.625000000000000000e+01
2.034000000000000057e+02 4.650000000000000000e+01
2.045000000000000000e+02 4.600000000000000000e+01
2.055000000000000000e+02 4.625000000000000000e+01
2.065000000000000000e+02 4.625000000000000000e+01
2.075000000000000000e+02 4.650000000000000000e+01
2.085999999999999943e+02 4.675000000000000000e+01
2.095999999999999943e+02 4.700000000000000000e+01
2.105999999999999943e+02 4.675000000000000000e+01
2.116999999999999886e+02 4.700000000000000000e+01
2.126999999999999886e+02 4.725000000000000000e+01
2.136999999999999886e+02 4.700000000000000000e+01
2.146999999999999886e+02 4.725000000000000000e+01
2.158000000000000114e+02 4.700000000000000000e+01
2.168000000000000114e+02 4.750000000000000000e+01
2.178000000000000114e+02 4.675000000000000000e+01
2.188000000000000114e+02 4.750000000000000000e+01
2.198000000000000114e+02 4.750000000000000000e+01
2.209000000000000057e+02 4.750000000000000000e+01
2.219000000000000057e+02 4.750000000000000000e+01
2.229000000000000057e+02 4.775000000000000000e+01
2.239000000000000057e+02 4.775000000000000000e+01
2.240000000000000000e+02 4.750000000000000000e+01
2.250000000000000000e+02 4.775000000000000000e+01
2.260000000000000000e+02 4.775000000000000000e+01
2.270000000000000000e+02 4.775000000000000000e+01
2.280999999999999943e+02 4.800000000000000000e+01
2.290999999999999943e+02 4.775000000000000000e+01
2.300999999999999943e+02 4.750000000000000000e+01
2.310999999999999943e+02 4.800000000000000000e+01
2.321999999999999886e+02 4.825000000000000000e+01
2.331999999999999886e+02 4.850000000000000000e+01
2.341999999999999886e+02 4.800000000000000000e+01
2.351999999999999886e+02 4.825000000000000000e+01
2.361999999999999886e+02 4.825000000000000000e+01
2.373000000000000114e+02 4.850000000000000000e+01
2.383000000000000114e+02 4.800000000000000000e+01
2.393000000000000114e+02 4.850000000000000000e+01
2.404000000000000057e+02 4.850000000000000000e+01
2.414000000000000057e+02 4.875000000000000000e+01
2.424000000000000057e+02 4.850000000000000000e+01
2.434000000000000057e+02 4.850000000000000000e+01
2.445000000000000000e+02 4.850000000000000000e+01
2.455000000000000000e+02 4.875000000000000000e+01
2.465000000000000000e+02 4.900000000000000000e+01
2.475999999999999943e+02 4.850000000000000000e+01
2.485999999999999943e+02 4.850000000000000000e+01
2.495999999999999943e+02 4.900000000000000000e+01
2.505999999999999943e+02 4.850000000000000000e+01
2.516999999999999886e+02 4.900000000000000000e+01
2.526999999999999886e+02 4.900000000000000000e+01
2.536999999999999886e+02 4.900000000000000000e+01
2.546999999999999886e+02 4.900000000000000000e+01
2.556999999999999886e+02 4.925000000000000000e+01
2.568000000000000114e+02 4.925000000000000000e+01
2.578000000000000114e+02 4.850000000000000000e+01
2.588000000000000114e+02 4.900000000000000000e+01
2.598999999999999773e+02 4.900000000000000000e+01
2.608999999999999773e+02 4.900000000000000000e+01
2.618999999999999773e+02 4.875000000000000000e+01
2.628999999999999773e+02 4.900000000000000000e+01
2.630000000000000000e+02 4.925000000000000000e+01
2.640000000000000000e+02 4.925000000000000000e+01
2.650000000000000000e+02 4.900000000000000000e+01
2.661000000000000227e+02 4.925000000000000000e+01
2.671000000000000227e+02 4.950000000000000000e+01
2.681000000000000227e+02 4.925000000000000000e+01
2.691999999999999886e+02 4.975000000000000000e+01
2.701999999999999886e+02 4.925000000000000000e+01
2.711999999999999886e+02 4.950000000000000000e+01
2.723000000000000114e+02 4.950000000000000000e+01
2.733000000000000114e+02 4.975000000000000000e+01
2.743000000000000114e+02 4.950000000000000000e+01
2.753000000000000114e+02 4.950000000000000000e+01
2.763000000000000114e+02 4.950000000000000000e+01
2.773999999999999773e+02 4.950000000000000000e+01
2.783999999999999773e+02 4.975000000000000000e+01
2.793999999999999773e+02 5.000000000000000000e+01
2.805000000000000000e+02 4.975000000000000000e+01
2.815000000000000000e+02 4.950000000000000000e+01
2.825000000000000000e+02 4.975000000000000000e+01
2.836000000000000227e+02 5.000000000000000000e+01
2.846000000000000227e+02 4.975000000000000000e+01
2.856000000000000227e+02 5.000000000000000000e+01
2.866000000000000227e+02 4.975000000000000000e+01
2.876999999999999886e+02 5.000000000000000000e+01
2.886999999999999886e+02 4.975000000000000000e+01
2.896999999999999886e+02 5.025000000000000000e+01
2.906999999999999886e+02 5.000000000000000000e+01
2.918000000000000114e+02 5.025000000000000000e+01
2.928000000000000114e+02 5.000000000000000000e+01
2.938000000000000114e+02 5.000000000000000000e+01
2.948000000000000114e+02 4.975000000000000000e+01
2.958999999999999773e+02 5.000000000000000000e+01
2.968999999999999773e+02 4.975000000000000000e+01
2.978999999999999773e+02 5.000000000000000000e+01
2.988999999999999773e+02 5.000000000000000000e+01
2.990000000000000000e+02 5.025000000000000000e+01
3.000000000000000000e+02 4.975000000000000000e+01
3.010000000000000000e+02 5.000000000000000000e+01
3.020000000000000000e+02 5.000000000000000000e+01
3.031000000000000227e+02 5.025000000000000000e+01
3.041000000000000227e+02 5.000000000000000000e+01
3.051000000000000227e+02 4.975000000000000000e+01
3.061999999999999886e+02 4.975000000000000000e+01
3.071999999999999886e+02 4.950000000000000000e+01
3.081999999999999886e+02 4.950000000000000000e+01
3.093000000000000114e+02 5.000000000000000000e+01
3.103000000000000114e+02 4.975000000000000000e+01
3.113000000000000114e+02 4.950000000000000000e+01
3.123000000000000114e+02 4.925000000000000000e+01
3.133999999999999773e+02 4.975000000000000000e+01
3.143999999999999773e+02 4.975000000000000000e+01
3.153999999999999773e+02 4.975000000000000000e+01
3.163999999999999773e+02 4.900000000000000000e+01
3.173999999999999773e+02 4.950000000000000000e+01
3.185000000000000000e+02 4.925000000000000000e+01
3.195000000000000000e+02 4.850000000000000000e+01
3.205000000000000000e+02 4.875000000000000000e+01
3.215000000000000000e+02 4.950000000000000000e+01
3.226000000000000227e+02 4.950000000000000000e+01
3.236000000000000227e+02 4.900000000000000000e+01
3.246000000000000227e+02 4.900000000000000000e+01
3.256000000000000227e+02 4.925000000000000000e+01
3.266999999999999886e+02 4.900000000000000000e+01
3.276999999999999886e+02 4.925000000000000000e+01
3.286999999999999886e+02 4.900000000000000000e+01
3.298000000000000114e+02 4.900000000000000000e+01
3.308000000000000114e+02 4.900000000000000000e+01
3.318000000000000114e+02 4.950000000000000000e+01
3.328999999999999773e+02 4.925000000000000000e+01
3.338999999999999773e+02 4.875000000000000000e+01
3.348999999999999773e+02 4.925000000000000000e+01
3.358999999999999773e+02 4.925000000000000000e+01
3.360000000000000000e+02 4.875000000000000000e+01
3.370000000000000000e+02 4.925000000000000000e+01
3.380000000000000000e+02 4.925000000000000000e+01
3.390000000000000000e+02 4.925000000000000000e+01
3.400000000000000000e+02 4.925000000000000000e+01
3.411000000000000227e+02 4.900000000000000000e+01
3.421000000000000227e+02 4.875000000000000000e+01
3.431000000000000227e+02 4.875000000000000000e+01
3.441000000000000227e+02 4.875000000000000000e+01
3.451999999999999886e+02 4.925000000000000000e+01
3.461999999999999886e+02 4.850000000000000000e+01
3.471999999999999886e+02 4.875000000000000000e+01
3.481999999999999886e+02 4.875000000000000000e+01
3.493000000000000114e+02 4.875000000000000000e+01
3.503000000000000114e+02 4.900000000000000000e+01
3.513000000000000114e+02 4.875000000000000000e+01
3.523000000000000114e+02 4.850000000000000000e+01
3.533000000000000114e+02 4.850000000000000000e+01
3.543999999999999773e+02 4.825000000000000000e+01
3.553999999999999773e+02 4.825000000000000000e+01
3.563999999999999773e+02 4.825000000000000000e+01
3.573999999999999773e+02 4.825000000000000000e+01
3.585000000000000000e+02 4.800000000000000000e+01
3.595000000000000000e+02 4.825000000000000000e+01
3.605000000000000000e+02 4.825000000000000000e+01
3.616000000000000227e+02 4.825000000000000000e+01
3.626000000000000227e+02 4.775000000000000000e+01
3.636000000000000227e+02 4.800000000000000000e+01
3.646000000000000227e+02 4.825000000000000000e+01
3.656000000000000227e+02 4.800000000000000000e+01
3.666999999999999886e+02 4.825000000000000000e+01
3.676999999999999886e+02 4.800000000000000000e+01
3.686999999999999886e+02 4.800000000000000000e+01
3.696999999999999886e+02 4.800000000000000000e+01
3.708000000000000114e+02 4.775000000000000000e+01
3.718000000000000114e+02 4.775000000000000000e+01
3.728000000000000114e+02 4.800000000000000000e+01
3.738000000000000114e+02 4.800000000000000000e+01
3.748999999999999773e+02 4.750000000000000000e+01
3.758999999999999773e+02 4.775000000000000000e+01
3.768999999999999773e+02 4.750000000000000000e+01
3.778999999999999773e+02 4.725000000000000000e+01
0.000000000000000000e+00 4.750000000000000000e+01
1.000000000000000000e+00 4.700000000000000000e+01
2.000000000000000000e+00 4.725000000000000000e+01
3.000000000000000000e+00 4.725000000000000000e+01
4.100000000000022737e+00 4.750000000000000000e+01
