0.000000000000000000e+00 3.025000000000000000e+01
1.000000000000000000e+00 3.050000000000000000e+01
2.100000000000000089e+00 3.025000000000000000e+01
3.100000000000000089e+00 3.025000000000000000e+01
4.099999999999999645e+00 2.925000000000000000e+01
5.099999999999999645e+00 2.975000000000000000e+01
6.200000000000000178e+00 2.975000000000000000e+01
7.200000000000000178e+00 3.000000000000000000e+01
8.199999999999999289e+00 3.000000000000000000e+01
9.199999999999999289e+00 3.000000000000000000e+01
1.030000000000000071e+01 2.975000000000000000e+01
1.130000000000000071e+01 2.975000000000000000e+01
1.230000000000000071e+01 2.950000000000000000e+01
1.330000000000000071e+01 2.975000000000000000e+01
1.440000000000000036e+01 2.950000000000000000e+01
1.540000000000000036e+01 2.925000000000000000e+01
1.639999999999999858e+01 2.950000000000000000e+01
1.750000000000000000e+01 2.925000000000000000e+01
1.850000000000000000e+01 2.950000000000000000e+01
1.950000000000000000e+01 2.950000000000000000e+01
2.050000000000000000e+01 2.900000000000000000e+01
2.160000000000000142e+01 2.925000000000000000e+01
2.260000000000000142e+01 2.900000000000000000e+01
2.360000000000000142e+01 2.950000000000000000e+01
2.469999999999999929e+01 2.950000000000000000e+01
2.569999999999999929e+01 2.925000000000000000e+01
2.669999999999999929e+01 2.925000000000000000e+01
2.769999999999999929e+01 2.925000000000000000e+01
2.869999999999999929e+01 2.900000000000000000e+01
2.980000000000000071e+01 2.925000000000000000e+01
3.080000000000000071e+01 2.925000000000000000e+01
3.180000000000000071e+01 2.925000000000000000e+01
3.279999999999999716e+01 2.900000000000000000e+01
3.389999999999999858e+01 2.925000000000000000e+01
3.489999999999999858e+01 2.900000000000000000e+01
3.589999999999999858e+01 2.950000000000000000e+01
3.689999999999999858e+01 2.925000000000000000e+01
0.000000000000000000e+00 2.925000000000000000e+01
1.000000000000000000e+00 2.900000000000000000e+01
2.000000000000000000e+00 2.950000000000000000e+01
3.000000000000000000e+00 2.925000000000000000e+01
4.100000000000001421e+00 2.975000000000000000e+01
5.100000000000001421e+00 2.950000000000000000e+01
6.100000000000001421e+00 2.975000000000000000e+01
7.100000000000001421e+00 2.975000000000000000e+01
8.200000000000002842e+00 2.900000000000000000e+01
9.200000000000002842e+00 2.950000000000000000e+01
1.020000000000000284e+01 2.925000000000000000e+01
1.129999999999999716e+01 2.950000000000000000e+01
1.229999999999999716e+01 2.975000000000000000e+01
1.329999999999999716e+01 2.975000000000000000e+01
1.429999999999999716e+01 2.975000000000000000e+01
1.529999999999999716e+01 2.975000000000000000e+01
1.639999999999999858e+01 2.975000000000000000e+01
1.739999999999999858e+01 3.000000000000000000e+01
1.839999999999999858e+01 2.975000000000000000e+01
1.950000000000000000e+01 3.000000000000000000e+01
2.050000000000000000e+01 3.000000000000000000e+01
2.150000000000000000e+01 2.975000000000000000e+01
2.250000000000000000e+01 2.925000000000000000e+01
2.350000000000000000e+01 2.975000000000000000e+01
2.460000000000000142e+01 2.975000000000000000e+01
2.560000000000000142e+01 3.025000000000000000e+01
2.659999999999999432e+01 2.975000000000000000e+01
2.759999999999999432e+01 3.000000000000000000e+01
2.859999999999999432e+01 3.000000000000000000e+01
2.970000000000000284e+01 3.000000000000000000e+01
3.070000000000000284e+01 3.000000000000000000e+01
3.170000000000000284e+01 3.000000000000000000e+01
3.279999999999999716e+01 2.975000000000000000e+01
3.379999999999999716e+01 3.000000000000000000e+01
3.479999999999999716e+01 3.025000000000000000e+01
3.579999999999999716e+01 3.025000000000000000e+01
3.690000000000000568e+01 3.000000000000000000e+01
3.790000000000000568e+01 3.025000000000000000e+01
3.890000000000000568e+01 2.975000000000000000e+01
3.990000000000000568e+01 3.000000000000000000e+01
4.090000000000000568e+01 3.025000000000000000e+01
4.100000000000000000e+01 3.025000000000000000e+01
4.200000000000000000e+01 3.025000000000000000e+01
4.300000000000000000e+01 3.050000000000000000e+01
4.400000000000000000e+01 3.050000000000000000e+01
4.509999999999999432e+01 3.025000000000000000e+01
4.609999999999999432e+01 3.050000000000000000e+01
4.709999999999999432e+01 3.025000000000000000e+01
4.809999999999999432e+01 3.050000000000000000e+01
4.909999999999999432e+01 3.050000000000000000e+01
5.020000000000000284e+01 3.025000000000000000e+01
5.120000000000000284e+01 3.075000000000000000e+01
5.220000000000000284e+01 3.075000000000000000e+01
5.320000000000000284e+01 3.100000000000000000e+01
5.429999999999999716e+01 3.050000000000000000e+01
5.529999999999999716e+01 3.075000000000000000e+01
5.629999999999999716e+01 3.100000000000000000e+01
5.740000000000000568e+01 3.075000000000000000e+01
5.840000000000000568e+01 3.050000000000000000e+01
5.940000000000000568e+01 3.100000000000000000e+01
6.040000000000000568e+01 3.100000000000000000e+01
6.140000000000000568e+01 3.100000000000000000e+01
6.250000000000000000e+01 3.125000000000000000e+01
6.350000000000000000e+01 3.100000000000000000e+01
6.450000000000000000e+01 3.100000000000000000e+01
6.550000000000000000e+01 3.075000000000000000e+01
6.659999999999999432e+01 3.075000000000000000e+01
6.759999999999999432e+01 3.100000000000000000e+01
6.859999999999999432e+01 3.125000000000000000e+01
6.959999999999999432e+01 3.125000000000000000e+01
7.070000000000000284e+01 3.100000000000000000e+01
7.170000000000000284e+01 3.125000000000000000e+01
7.270000000000000284e+01 3.175000000000000000e+01
7.370000000000000284e+01 3.150000000000000000e+01
7.470000000000000284e+01 3.125000000000000000e+01
7.579999999999999716e+01 3.150000000000000000e+01
7.679999999999999716e+01 3.150000000000000000e+01
7.779999999999999716e+01 3.175000000000000000e+01
7.879999999999999716e+01 3.150000000000000000e+01
7.990000000000000568e+01 3.100000000000000000e+01
8.090000000000000568e+01 3.200000000000000000e+01
8.190000000000000568e+01 3.150000000000000000e+01
8.290000000000000568e+01 3.150000000000000000e+01
8.300000000000000000e+01 3.200000000000000000e+01
8.400000000000000000e+01 3.150000000000000000e+01
8.500000000000000000e+01 3.200000000000000000e+01
8.600000000000000000e+01 3.175000000000000000e+01
8.709999999999999432e+01 3.125000000000000000e+01
8.809999999999999432e+01 3.200000000000000000e+01
8.909999999999999432e+01 3.225000000000000000e+01
9.019999999999998863e+01 3.150000000000000000e+01
9.119999999999998863e+01 3.200000000000000000e+01
9.219999999999998863e+01 3.175000000000000000e+01
9.319999999999998863e+01 3.200000000000000000e+01
9.430000000000001137e+01 3.200000000000000000e+01
9.530000000000001137e+01 3.225000000000000000e+01
9.630000000000001137e+01 3.175000000000000000e+01
9.730000000000001137e+01 3.225000000000000000e+01
9.830000000000001137e+01 3.225000000000000000e+01
9.940000000000000568e+01 3.225000000000000000e+01
1.004000000000000057e+02 3.200000000000000000e+01
1.014000000000000057e+02 3.225000000000000000e+01
1.024000000000000057e+02 3.250000000000000000e+01
1.035000000000000000e+02 3.250000000000000000e+01
1.045000000000000000e+02 3.250000000000000000e+01
1.055000000000000000e+02 3.250000000000000000e+01
1.065000000000000000e+02 3.250000000000000000e+01
1.075000000000000000e+02 3.200000000000000000e+01
1.085999999999999943e+02 3.250000000000000000e+01
1.095999999999999943e+02 3.250000000000000000e+01
1.105999999999999943e+02 3.275000000000000000e+01
1.116999999999999886e+02 3.275000000000000000e+01
1.126999999999999886e+02 3.200000000000000000e+01
1.136999999999999886e+02 3.275000000000000000e+01
1.148000000000000114e+02 3.275000000000000000e+01
1.158000000000000114e+02 3.275000000000000000e+01
1.168000000000000114e+02 3.225000000000000000e+01
1.178000000000000114e+02 3.275000000000000000e+01
1.189000000000000057e+02 3.250000000000000000e+01
1.199000000000000057e+02 3.250000000000000000e+01
1.209000000000000057e+02 3.275000000000000000e+01
1.219000000000000057e+02 3.250000000000000000e+01
1.220000000000000000e+02 3.300000000000000000e+01
1.230000000000000000e+02 3.300000000000000000e+01
1.240000000000000000e+02 3.325000000000000000e+01
1.250000000000000000e+02 3.350000000000000000e+01
1.260000000000000000e+02 3.300000000000000000e+01
1.270999999999999943e+02 3.350000000000000000e+01
1.280999999999999943e+02 3.325000000000000000e+01
1.290999999999999943e+02 3.325000000000000000e+01
1.300999999999999943e+02 3.325000000000000000e+01
1.311999999999999886e+02 3.350000000000000000e+01
1.321999999999999886e+02 3.325000000000000000e+01
1.331999999999999886e+02 3.325000000000000000e+01
1.341999999999999886e+02 3.300000000000000000e+01
1.351999999999999886e+02 3.350000000000000000e+01
1.363000000000000114e+02 3.350000000000000000e+01
1.373000000000000114e+02 3.325000000000000000e+01
1.383000000000000114e+02 3.350000000000000000e+01
1.394000000000000057e+02 3.350000000000000000e+01
1.404000000000000057e+02 3.375000000000000000e+01
1.414000000000000057e+02 3.325000000000000000e+01
1.424000000000000057e+02 3.350000000000000000e+01
1.435000000000000000e+02 3.375000000000000000e+01
1.445000000000000000e+02 3.375000000000000000e+01
1.455000000000000000e+02 3.375000000000000000e+01
1.465000000000000000e+02 3.350000000000000000e+01
1.475999999999999943e+02 3.350000000000000000e+01
1.485999999999999943e+02 3.300000000000000000e+01
1.495999999999999943e+02 3.350000000000000000e+01
1.505999999999999943e+02 3.375000000000000000e+01
1.515999999999999943e+02 3.375000000000000000e+01
1.526999999999999886e+02 3.350000000000000000e+01
1.536999999999999886e+02 3.350000000000000000e+01
1.546999999999999886e+02 3.350000000000000000e+01
1.558000000000000114e+02 3.350000000000000000e+01
1.568000000000000114e+02 3.325000000000000000e+01
1.578000000000000114e+02 3.400000000000000000e+01
1.588000000000000114e+02 3.375000000000000000e+01
1.599000000000000057e+02 3.375000000000000000e+01
1.609000000000000057e+02 3.375000000000000000e+01
1.619000000000000057e+02 3.375000000000000000e+01
1.629000000000000057e+02 3.400000000000000000e+01
1.630000000000000000e+02 3.375000000000000000e+01
1.640000000000000000e+02 3.400000000000000000e+01
1.650000000000000000e+02 3.375000000000000000e+01
1.660000000000000000e+02 3.400000000000000000e+01
1.670999999999999943e+02 3.350000000000000000e+01
1.680999999999999943e+02 3.400000000000000000e+01
1.690999999999999943e+02 3.375000000000000000e+01
1.701999999999999886e+02 3.375000000000000000e+01
1.711999999999999886e+02 3.400000000000000000e+01
1.721999999999999886e+02 3.400000000000000000e+01
1.731999999999999886e+02 3.350000000000000000e+01
1.743000000000000114e+02 3.375000000000000000e+01
1.753000000000000114e+02 3.400000000000000000e+01
1.763000000000000114e+02 3.375000000000000000e+01
1.774000000000000057e+02 3.350000000000000000e+01
1.784000000000000057e+02 3.375000000000000000e+01
1.794000000000000057e+02 3.425000000000000000e+01
1.804000000000000057e+02 3.400000000000000000e+01
1.815000000000000000e+02 3.400000000000000000e+01
1.825000000000000000e+02 3.425000000000000000e+01
1.835000000000000000e+02 3.425000000000000000e+01
1.845000000000000000e+02 3.400000000000000000e+01
1.855999999999999943e+02 3.400000000000000000e+01
1.865999999999999943e+02 3.400000000000000000e+01
1.875999999999999943e+02 3.450000000000000000e+01
1.885999999999999943e+02 3.400000000000000000e+01
1.896999999999999886e+02 3.425000000000000000e+01
1.906999999999999886e+02 3.450000000000000000e+01
1.916999999999999886e+02 3.450000000000000000e+01
1.926999999999999886e+02 3.425000000000000000e+01
1.936999999999999886e+02 3.425000000000000000e+01
1.948000000000000114e+02 3.400000000000000000e+01
1.958000000000000114e+02 3.450000000000000000e+01
1.968000000000000114e+02 3.450000000000000000e+01
1.978000000000000114e+02 3.475000000000000000e+01
1.989000000000000057e+02 3.425000000000000000e+01
1.999000000000000057e+02 3.400000000000000000e+01
2.009000000000000057e+02 3.475000000000000000e+01
2.019000000000000057e+02 3.450000000000000000e+01
2.029000000000000057e+02 3.400000000000000000e+01
2.030000000000000000e+02 3.450000000000000000e+01
2.040000000000000000e+02 3.450000000000000000e+01
2.050000000000000000e+02 3.425000000000000000e+01
2.060999999999999943e+02 3.450000000000000000e+01
2.070999999999999943e+02 3.475000000000000000e+01
2.080999999999999943e+02 3.425000000000000000e+01
2.090999999999999943e+02 3.450000000000000000e+01
2.101999999999999886e+02 3.475000000000000000e+01
2.111999999999999886e+02 3.475000000000000000e+01
2.121999999999999886e+02 3.400000000000000000e+01
2.131999999999999886e+02 3.425000000000000000e+01
2.143000000000000114e+02 3.450000000000000000e+01
2.153000000000000114e+02 3.475000000000000000e+01
2.163000000000000114e+02 3.475000000000000000e+01
2.173000000000000114e+02 3.450000000000000000e+01
2.183999999999999773e+02 3.475000000000000000e+01
2.193999999999999773e+02 3.450000000000000000e+01
2.203999999999999773e+02 3.475000000000000000e+01
2.213999999999999773e+02 3.450000000000000000e+01
2.225000000000000000e+02 3.450000000000000000e+01
2.235000000000000000e+02 3.500000000000000000e+01
2.245000000000000000e+02 3.475000000000000000e+01
2.255000000000000000e+02 3.475000000000000000e+01
2.266000000000000227e+02 3.475000000000000000e+01
2.276000000000000227e+02 3.475000000000000000e+01
2.286000000000000227e+02 3.500000000000000000e+01
2.296000000000000227e+02 3.475000000000000000e+01
2.306000000000000227e+02 3.425000000000000000e+01
2.316999999999999886e+02 3.475000000000000000e+01
2.326999999999999886e+02 3.525000000000000000e+01
2.336999999999999886e+02 3.450000000000000000e+01
2.346999999999999886e+02 3.450000000000000000e+01
2.358000000000000114e+02 3.475000000000000000e+01
2.368000000000000114e+02 3.475000000000000000e+01
2.378000000000000114e+02 3.425000000000000000e+01
2.388999999999999773e+02 3.475000000000000000e+01
2.398999999999999773e+02 3.500000000000000000e+01
2.408999999999999773e+02 3.450000000000000000e+01
2.410000000000000000e+02 3.500000000000000000e+01
2.420000000000000000e+02 3.475000000000000000e+01
2.430000000000000000e+02 3.475000000000000000e+01
2.440000000000000000e+02 3.475000000000000000e+01
2.451000000000000227e+02 3.500000000000000000e+01
2.461000000000000227e+02 3.500000000000000000e+01
2.471000000000000227e+02 3.500000000000000000e+01
2.481999999999999886e+02 3.475000000000000000e+01
2.491999999999999886e+02 3.475000000000000000e+01
2.501999999999999886e+02 3.475000000000000000e+01
2.511999999999999886e+02 3.500000000000000000e+01
2.521999999999999886e+02 3.500000000000000000e+01
2.533000000000000114e+02 3.450000000000000000e+01
2.543000000000000114e+02 3.500000000000000000e+01
2.553000000000000114e+02 3.425000000000000000e+01
2.563000000000000114e+02 3.500000000000000000e+01
2.573999999999999773e+02 3.475000000000000000e+01
2.583999999999999773e+02 3.475000000000000000e+01
2.593999999999999773e+02 3.450000000000000000e+01
2.603999999999999773e+02 3.500000000000000000e+01
2.613999999999999773e+02 3.475000000000000000e+01
2.625000000000000000e+02 3.500000000000000000e+01
2.635000000000000000e+02 3.450000000000000000e+01
2.645000000000000000e+02 3.475000000000000000e+01
2.656000000000000227e+02 3.525000000000000000e+01
2.666000000000000227e+02 3.475000000000000000e+01
2.676000000000000227e+02 3.500000000000000000e+01
2.686000000000000227e+02 3.450000000000000000e+01
2.696999999999999886e+02 3.500000000000000000e+01
2.706999999999999886e+02 3.525000000000000000e+01
2.716999999999999886e+02 3.525000000000000000e+01
2.726999999999999886e+02 3.475000000000000000e+01
2.738000000000000114e+02 3.500000000000000000e+01
2.748000000000000114e+02 3.500000000000000000e+01
2.758000000000000114e+02 3.475000000000000000e+01
2.768000000000000114e+02 3.525000000000000000e+01
2.778000000000000114e+02 3.475000000000000000e+01
2.788999999999999773e+02 3.500000000000000000e+01
2.798999999999999773e+02 3.475000000000000000e+01
2.808999999999999773e+02 3.500000000000000000e+01
2.818999999999999773e+02 3.475000000000000000e+01
2.820000000000000000e+02 3.475000000000000000e+01
2.830000000000000000e+02 3.500000000000000000e+01
2.840000000000000000e+02 3.500000000000000000e+01
2.850000000000000000e+02 3.475000000000000000e+01
2.861000000000000227e+02 3.500000000000000000e+01
2.871000000000000227e+02 3.500000000000000000e+01
2.881000000000000227e+02 3.500000000000000000e+01
2.891000000000000227e+02 3.475000000000000000e+01
2.901999999999999886e+02 3.525000000000000000e+01
2.911999999999999886e+02 3.500000000000000000e+01
2.921999999999999886e+02 3.500000000000000000e+01
2.931999999999999886e+02 3.525000000000000000e+01
2.943000000000000114e+02 3.525000000000000000e+01
2.953000000000000114e+02 3.500000000000000000e+01
2.963000000000000114e+02 3.475000000000000000e+01
2.973000000000000114e+02 3.475000000000000000e+01
2.983000000000000114e+02 3.500000000000000000e+01
2.993999999999999773e+02 3.500000000000000000e+01
3.003999999999999773e+02 3.500000000000000000e+01
3.013999999999999773e+02 3.500000000000000000e+01
3.023999999999999773e+02 3.475000000000000000e+01
3.035000000000000000e+02 3.475000000000000000e+01
3.045000000000000000e+02 3.525000000000000000e+01
3.055000000000000000e+02 3.500000000000000000e+01
3.066000000000000227e+02 3.500000000000000000e+01
3.076000000000000227e+02 3.500000000000000000e+01
3.086000000000000227e+02 3.500000000000000000e+01
3.096000000000000227e+02 3.475000000000000000e+01
3.106999999999999886e+02 3.525000000000000000e+01
3.116999999999999886e+02 3.525000000000000000e+01
3.126999999999999886e+02 3.525000000000000000e+01
3.136999999999999886e+02 3.525000000000000000e+01
3.148000000000000114e+02 3.475000000000000000e+01
3.158000000000000114e+02 3.525000000000000000e+01
3.168000000000000114e+02 3.525000000000000000e+01
3.178000000000000114e+02 3.475000000000000000e+01
3.188999999999999773e+02 3.525000000000000000e+01
3.198999999999999773e+02 3.525000000000000000e+01
3.208999999999999773e+02 3.500000000000000000e+01
